Oscilloscope Trace Export		
Festo Didactic LVDAC-EMS 3.19		
		
		
		Ch1		Ch2		Ch3		Ch4		Ch5		Ch6		Ch7		Ch8		
Time 		E1		E3		AI1		AI2		AI3		AI4		AI5		AI6		
(ms)		(V)		(V)		(V)		(V)		(V)		(V)		(V)		(V)		
0.000		5.6		158.6		0.02		0.02		3.69		3.69		0.01		0.02		
0.098		12.6		154.7		0.02		0.02		3.69		3.69		0.01		0.02		
0.195		21.2		145.2		0.02		0.02		3.69		3.69		0.01		0.01		
0.293		27.8		146.5		0.02		0.02		3.69		3.69		0.01		0.02		
0.391		35.1		137.4		0.02		0.02		3.69		3.68		0.01		0.02		
0.488		40.3		137.4		0.02		0.02		3.69		3.69		0.01		0.02		
0.586		48.1		132.2		0.02		0.02		3.69		3.69		0.01		0.02		
0.684		52.0		128.7		0.02		0.02		3.69		3.69		0.01		0.02		
0.781		60.3		124.4		0.02		0.02		3.69		3.69		0.01		0.01		
0.879		63.7		120.5		0.02		0.02		3.70		3.69		0.01		0.01		
0.977		67.2		119.2		0.02		0.02		3.69		3.69		0.01		0.02		
1.074		74.1		114.8		0.02		0.02		3.69		3.69		0.01		0.02		
1.172		78.0		112.2		0.02		0.02		3.69		3.69		0.01		0.02		
1.270		84.6		107.0		0.02		0.02		3.69		3.69		0.01		0.02		
1.367		87.2		104.9		0.02		0.02		3.69		3.69		0.01		0.02		
1.465		91.9		98.4		0.02		0.02		3.69		3.68		0.01		0.02		
1.563		96.7		92.7		0.02		0.02		3.69		3.69		0.01		0.02		
1.660		112.7		178.1		0.02		0.02		3.69		0.02		3.69		0.01		
1.758		101.9		183.3		0.02		0.02		3.70		0.02		3.69		0.01		
1.855		106.2		188.1		0.02		0.02		3.69		0.02		3.69		0.01		
1.953		110.6		184.6		0.02		0.02		3.69		0.02		3.69		0.01		
2.051		117.1		182.9		0.02		0.02		3.69		0.02		3.69		0.01		
2.148		119.7		184.6		0.02		0.02		3.69		0.02		3.69		0.01		
2.246		123.1		184.6		0.02		0.02		3.69		0.02		3.69		0.01		
2.344		128.3		182.9		0.02		0.02		3.70		0.02		3.69		0.01		
2.441		129.6		181.1		0.02		0.02		3.69		0.02		3.69		0.01		
2.539		134.4		181.6		0.02		0.02		3.69		0.02		3.69		0.01		
2.637		138.3		180.7		0.02		0.02		3.69		0.02		3.69		0.01		
2.734		143.1		177.2		0.02		0.02		3.69		0.02		3.69		0.01		
2.832		147.0		173.8		0.02		0.02		3.69		0.02		3.69		0.01		
2.930		154.4		169.9		0.02		0.02		3.69		0.02		3.68		0.01		
3.027		153.9		167.3		0.02		0.02		3.69		0.02		3.69		0.01		
3.125		162.2		163.4		0.02		0.02		3.69		0.02		3.69		0.01		
3.223		163.5		161.6		0.02		0.02		3.69		0.02		3.69		0.01		
3.320		166.1		154.7		0.02		0.02		3.69		0.02		3.69		0.01		
3.418		168.7		152.1		0.02		0.02		3.69		0.02		3.69		0.01		
3.516		174.7		150.4		0.02		0.01		3.69		0.02		3.69		0.01		
3.613		174.3		143.9		0.02		0.01		3.69		0.01		3.68		0.01		
3.711		176.0		139.1		0.02		0.02		3.69		0.02		3.69		0.01		
3.809		183.4		135.6		0.02		0.02		3.70		0.02		3.69		0.01		
3.906		183.8		129.6		0.02		0.02		3.69		0.02		3.69		0.01		
4.004		183.0		128.3		0.02		0.02		3.69		0.02		3.69		0.01		
4.102		187.8		124.8		0.02		0.02		3.69		0.02		3.69		0.01		
4.199		187.8		120.0		0.02		0.02		3.69		0.02		3.69		0.01		
4.297		189.1		118.3		0.02		0.02		3.69		0.02		3.69		0.01		
4.395		186.4		112.7		0.02		0.02		3.70		0.02		3.69		0.01		
4.492		189.1		107.9		0.02		0.02		3.69		0.02		3.69		0.01		
4.590		192.5		105.3		0.02		0.02		3.68		0.02		3.69		0.01		
4.688		194.7		101.0		0.02		0.02		3.70		0.02		3.69		0.01		
4.785		194.7		99.7		0.02		0.02		3.69		0.02		3.69		0.01		
4.883		194.3		94.0		0.02		0.02		3.69		0.02		3.69		0.01		
4.980		186.0		168.6		3.69		0.01		0.02		0.02		3.69		0.01		
5.078		187.8		184.2		3.69		0.01		0.02		0.02		3.69		0.01		
5.176		189.9		186.3		3.69		0.01		0.02		0.03		3.69		0.01		
5.273		193.4		183.3		3.69		0.01		0.02		0.02		3.69		0.01		
5.371		190.8		185.0		3.69		0.01		0.02		0.02		3.69		0.01		
5.469		187.8		186.8		3.69		0.01		0.02		0.03		3.69		0.01		
5.566		191.2		186.8		3.69		0.01		0.03		0.02		3.69		0.01		
5.664		191.2		185.5		3.69		0.01		0.02		0.03		3.69		0.01		
5.762		187.3		182.4		3.69		0.01		0.01		0.02		3.69		0.01		
5.859		185.6		182.0		3.69		0.01		0.03		0.02		3.69		0.01		
5.957		184.3		178.5		3.69		0.01		0.02		0.02		3.69		0.01		
6.055		180.4		177.2		3.69		0.01		0.02		0.02		3.69		0.01		
6.152		177.3		174.2		3.69		0.01		0.02		0.02		3.69		0.01		
6.250		175.2		173.3		3.69		0.01		0.02		0.02		3.69		0.01		
6.348		173.4		166.0		3.69		0.02		0.02		0.02		3.69		0.01		
6.445		169.1		164.7		3.69		0.01		0.03		0.02		3.69		0.01		
6.543		161.7		162.1		3.69		0.02		0.02		0.02		3.69		0.01		
6.641		160.0		155.6		3.69		0.02		0.02		0.03		3.69		0.01		
6.738		158.7		154.3		3.69		0.01		0.03		0.02		3.69		0.01		
6.836		150.9		148.6		3.69		0.01		0.02		0.02		3.69		0.02		
6.934		149.2		143.4		3.69		0.02		0.02		0.02		3.69		0.02		
7.031		144.0		139.5		3.69		0.02		0.03		0.03		3.69		0.01		
7.129		141.4		135.2		3.69		0.02		0.02		0.02		3.69		0.01		
7.227		134.9		133.0		3.70		0.02		0.02		0.03		3.69		0.02		
7.324		133.1		128.7		3.69		0.02		0.03		0.02		3.69		0.01		
7.422		127.9		125.7		3.69		0.01		0.02		0.02		3.69		0.01		
7.520		127.0		122.6		3.69		0.02		0.02		0.03		3.69		0.02		
7.617		119.7		116.1		3.69		0.02		0.03		0.03		3.69		0.01		
7.715		117.9		114.4		3.70		0.02		0.02		0.03		3.69		0.02		
7.813		111.4		111.4		3.69		0.02		0.02		0.03		3.69		0.02		
7.910		111.4		106.2		3.69		0.02		0.02		0.02		3.69		0.02		
8.008		107.1		105.3		3.69		0.02		0.02		0.02		3.69		0.01		
8.105		101.9		101.4		3.69		0.01		0.02		0.03		3.69		0.01		
8.203		99.3		97.1		3.69		0.01		0.03		0.02		3.69		0.01		
8.301		126.6		134.3		3.69		0.01		0.01		0.02		0.02		3.69		
8.398		85.9		184.6		3.69		0.02		0.02		0.02		0.02		3.69		
8.496		85.0		187.2		3.69		0.01		0.02		0.02		0.02		3.69		
8.594		84.1		186.3		3.69		0.01		0.02		0.02		0.02		3.69		
8.691		76.7		185.0		3.69		0.01		0.02		0.02		0.02		3.69		
8.789		78.9		185.9		3.69		0.01		0.03		0.02		0.02		3.68		
8.887		70.7		187.2		3.69		0.01		0.02		0.02		0.02		3.69		
8.984		66.8		182.0		3.69		0.01		0.01		0.02		0.02		3.69		
9.082		61.1		184.2		3.69		0.01		0.03		0.02		0.02		3.69		
9.180		57.7		184.6		3.69		0.02		0.02		0.02		0.02		3.68		
9.277		48.6		178.1		3.69		0.02		0.02		0.02		0.02		3.69		
9.375		38.6		176.8		3.69		0.02		0.03		0.02		0.02		3.69		
9.473		32.1		175.9		3.69		0.02		0.02		0.02		0.02		3.69		
9.570		25.6		168.1		3.69		0.01		0.01		0.02		0.02		3.69		
9.668		21.7		168.1		3.69		0.02		0.02		0.02		0.02		3.69		
9.766		11.7		165.1		3.69		0.01		0.02		0.02		0.02		3.68		
9.863		4.3		161.6		3.69		0.01		0.02		0.03		0.02		3.69		
9.961		-3.9		159.5		3.69		0.01		0.02		0.02		0.02		3.68		
10.059		-10.0		151.7		3.69		0.02		0.02		0.02		0.02		3.68		
10.156		-19.9		151.2		3.69		0.01		0.01		0.02		0.02		3.68		
10.254		-26.0		145.6		3.69		0.01		0.02		0.02		0.02		3.69		
10.352		-33.0		140.8		3.69		0.02		0.02		0.02		0.02		3.69		
10.449		-42.9		136.1		3.69		0.02		0.02		0.02		0.02		3.68		
10.547		-45.5		133.0		3.69		0.02		0.03		0.02		0.02		3.69		
10.645		-50.7		130.4		3.69		0.01		0.02		0.02		0.02		3.68		
10.742		-56.4		126.5		3.69		0.02		0.02		0.02		0.02		3.69		
10.840		-61.6		121.8		3.69		0.02		0.03		0.02		0.02		3.69		
10.938		-66.3		119.2		3.69		0.02		0.02		0.02		0.02		3.69		
11.035		-71.5		114.0		3.69		0.01		0.02		0.02		0.02		3.69		
11.133		-73.7		110.9		3.69		0.02		0.02		0.02		0.02		3.69		
11.230		-81.1		107.5		3.69		0.02		0.02		0.02		0.02		3.69		
11.328		-86.7		102.3		3.69		0.02		0.02		0.02		0.02		3.68		
11.426		-90.2		99.7		3.69		0.01		0.02		0.02		0.02		3.69		
11.523		-95.4		95.3		3.69		0.01		0.02		0.02		0.02		3.68		
11.621		-16.5		112.7		0.02		3.69		0.01		0.02		0.02		3.68		
11.719		-104.5		184.6		0.02		3.69		0.02		0.02		0.02		3.69		
11.816		-101.5		182.0		0.02		3.69		0.02		0.02		0.02		3.69		
11.914		-106.7		186.3		0.02		3.69		0.01		0.02		0.02		3.69		
12.012		-111.9		181.6		0.02		3.69		0.02		0.02		0.02		3.69		
12.109		-117.5		185.5		0.02		3.69		0.02		0.02		0.02		3.68		
12.207		-120.1		181.6		0.02		3.69		0.01		0.02		0.02		3.68		
12.305		-123.1		182.9		0.02		3.69		0.02		0.02		0.02		3.69		
12.402		-127.9		181.6		0.02		3.69		0.02		0.02		0.02		3.69		
12.500		-134.0		179.8		0.02		3.69		0.01		0.02		0.02		3.68		
12.598		-138.3		178.1		0.02		3.69		0.02		0.02		0.02		3.69		
12.695		-141.8		177.2		0.02		3.69		0.01		0.02		0.02		3.69		
12.793		-145.3		176.4		0.02		3.69		0.01		0.02		0.02		3.69		
12.891		-149.6		172.0		0.02		3.69		0.02		0.02		0.02		3.68		
12.988		-155.2		169.0		0.02		3.69		0.02		0.02		0.02		3.69		
13.086		-160.0		164.7		0.02		3.69		0.01		0.03		0.02		3.69		
13.184		-161.3		159.9		0.02		3.69		0.02		0.02		0.02		3.69		
13.281		-166.5		157.3		0.02		3.69		0.01		0.02		0.02		3.69		
13.379		-168.7		154.3		0.02		3.69		0.01		0.02		0.02		3.69		
13.477		-170.8		146.5		0.02		3.69		0.02		0.03		0.02		3.69		
13.574		-175.6		144.7		0.02		3.69		0.02		0.02		0.02		3.69		
13.672		-177.8		141.7		0.02		3.69		0.01		0.02		0.02		3.69		
13.770		-183.0		136.1		0.02		3.69		0.02		0.02		0.02		3.69		
13.867		-182.5		133.0		0.02		3.69		0.02		0.02		0.02		3.69		
13.965		-183.0		128.3		0.02		3.69		0.01		0.03		0.02		3.69		
14.063		-185.6		126.5		0.02		3.69		0.02		0.02		0.02		3.69		
14.160		-186.0		125.2		0.02		3.69		0.01		0.02		0.02		3.68		
14.258		-190.4		117.0		0.02		3.69		0.01		0.02		0.02		3.69		
14.355		-187.8		112.2		0.02		3.69		0.02		0.02		0.02		3.69		
14.453		-189.9		110.5		0.02		3.69		0.01		0.02		0.02		3.69		
14.551		-191.2		107.5		0.02		3.69		0.01		0.02		0.02		3.69		
14.648		-193.4		101.8		0.02		3.69		0.02		0.02		0.02		3.69		
14.746		-191.2		98.4		0.02		3.69		0.02		0.02		0.02		3.69		
14.844		-196.0		95.8		0.02		3.69		0.01		0.02		0.02		3.69		
14.941		-195.6		93.6		0.02		3.69		0.02		3.70		0.02		0.02		
15.039		-189.5		183.7		0.02		3.69		0.02		3.69		0.01		0.02		
15.137		-186.0		185.0		0.02		3.69		0.01		3.70		0.02		0.02		
15.234		-189.9		186.3		0.02		3.69		0.02		3.70		0.01		0.02		
15.332		-191.7		185.0		0.02		3.69		0.02		3.69		0.01		0.02		
15.430		-188.6		186.3		0.02		3.69		0.01		3.70		0.01		0.02		
15.527		-189.9		181.1		0.02		3.69		0.02		3.69		0.01		0.02		
15.625		-188.6		181.6		0.02		3.69		0.01		3.69		0.02		0.02		
15.723		-187.3		182.9		0.02		3.69		0.01		3.70		0.01		0.02		
15.820		-186.0		182.9		0.02		3.69		0.02		3.70		0.01		0.02		
15.918		-184.7		178.5		0.02		3.69		0.01		3.69		0.02		0.02		
16.016		-182.5		177.7		0.02		3.69		0.01		3.70		0.02		0.02		
16.113		-177.8		175.1		0.02		3.69		0.02		3.69		0.01		0.02		
16.211		-176.9		174.6		0.02		3.69		0.01		3.69		0.02		0.02		
16.309		-176.9		170.3		0.02		3.69		0.01		3.70		0.01		0.02		
16.406		-171.7		166.4		0.02		3.69		0.02		3.69		0.01		0.02		
16.504		-170.0		162.9		0.02		3.69		0.01		3.69		0.01		0.02		
16.602		-165.6		155.6		0.02		3.69		0.01		3.70		0.01		0.02		
16.699		-159.6		156.0		0.02		3.69		0.02		3.69		0.01		0.02		
16.797		-154.4		152.1		0.02		3.69		0.01		3.69		0.01		0.02		
16.895		-153.1		146.5		0.02		3.69		0.01		3.69		0.01		0.01		
16.992		-146.1		141.3		0.02		3.69		0.02		3.69		0.01		0.02		
17.090		-144.0		136.5		0.02		3.69		0.01		3.69		0.01		0.02		
17.188		-138.8		133.9		0.02		3.69		0.01		3.69		0.01		0.02		
17.285		-133.1		132.2		0.02		3.69		0.02		3.69		0.01		0.02		
17.383		-130.5		127.8		0.02		3.69		0.02		3.69		0.01		0.01		
17.480		-124.4		123.9		0.02		3.69		0.01		3.69		0.01		0.02		
17.578		-123.1		119.2		0.02		3.69		0.02		3.69		0.01		0.01		
17.676		-117.5		117.4		0.02		3.69		0.01		3.69		0.01		0.02		
17.773		-114.5		109.2		0.02		3.69		0.01		3.69		0.01		0.02		
17.871		-111.0		108.8		0.02		3.69		0.02		3.69		0.01		0.02		
17.969		-108.0		106.2		0.02		3.69		0.01		3.69		0.01		0.02		
18.066		-104.5		101.8		0.02		3.69		0.01		3.69		0.01		0.02		
18.164		-101.5		97.5		0.02		3.69		0.02		3.69		0.01		0.02		
18.262		-95.0		96.2		0.02		3.69		0.01		3.69		0.02		0.02		
18.359		-77.2		183.3		0.02		0.02		3.69		3.69		0.01		0.02		
18.457		-89.3		188.5		0.02		0.02		3.70		3.69		0.01		0.02		
18.555		-85.0		186.8		0.02		0.02		3.69		3.69		0.02		0.02		
18.652		-79.3		185.0		0.02		0.02		3.69		3.69		0.02		0.02		
18.750		-76.3		187.2		0.02		0.02		3.70		3.69		0.01		0.02		
18.848		-72.8		186.3		0.02		0.02		3.69		3.68		0.01		0.02		
18.945		-67.6		185.5		0.02		0.02		3.69		3.69		0.01		0.02		
19.043		-65.5		185.5		0.02		0.02		3.70		3.69		0.01		0.02		
19.141		-58.1		181.6		0.02		0.02		3.69		3.69		0.02		0.02		
19.238		-51.6		179.0		0.02		0.02		3.69		3.69		0.02		0.02		
19.336		-42.9		179.0		0.02		0.02		3.70		3.69		0.01		0.02		
19.434		-36.9		172.9		0.02		0.02		3.69		3.69		0.01		0.02		
19.531		-29.1		172.9		0.02		0.02		3.69		3.69		0.01		0.01		
19.629		-20.8		167.7		0.02		0.02		3.70		3.69		0.01		0.02		
19.727		-16.9		169.9		0.02		0.02		3.69		3.69		0.01		0.02		
19.824		-7.4		162.9		0.02		0.02		3.69		3.69		0.01		0.02		
19.922		-0.4		159.5		0.02		0.02		3.70		3.69		0.01		0.02		
20.020		5.6		155.6		0.02		0.02		3.69		3.69		0.01		0.02		
20.117		11.7		151.2		0.02		0.02		3.69		3.69		0.01		0.02		
20.215		23.0		148.2		0.02		0.02		3.69		3.68		0.01		0.02		
20.313		28.2		143.0		0.02		0.02		3.69		3.69		0.01		0.02		
20.410		33.4		141.3		0.02		0.02		3.69		3.69		0.01		0.02		
20.508		40.3		135.6		0.02		0.02		3.70		3.69		0.01		0.01		
20.605		46.0		131.7		0.02		0.02		3.69		3.69		0.01		0.02		
20.703		50.7		125.7		0.02		0.02		3.69		3.69		0.01		0.01		
20.801		56.8		125.2		0.02		0.02		3.69		3.68		0.01		0.02		
20.898		63.3		120.0		0.02		0.02		3.69		3.69		0.01		0.02		
20.996		69.4		115.7		0.02		0.02		3.69		3.69		0.01		0.01		
21.094		73.7		115.3		0.02		0.02		3.70		3.69		0.01		0.01		
21.191		77.6		109.6		0.02		0.02		3.69		3.69		0.01		0.02		
21.289		84.1		103.6		0.02		0.02		3.69		3.69		0.01		0.02		
21.387		87.2		101.8		0.02		0.02		3.70		3.69		0.01		0.02		
21.484		93.2		98.4		0.02		0.02		3.69		3.69		0.01		0.02		
21.582		98.0		95.3		0.02		0.02		3.69		3.69		0.01		0.02		
21.680		127.9		179.4		0.02		0.02		3.70		0.02		3.68		0.01		
21.777		99.7		187.2		0.02		0.02		3.69		0.02		3.68		0.01		
21.875		103.6		185.9		0.02		0.02		3.69		0.02		3.69		0.01		
21.973		108.4		186.3		0.02		0.02		3.70		0.02		3.69		0.01		
22.070		113.2		185.5		0.02		0.02		3.69		0.02		3.69		0.01		
22.168		116.6		187.2		0.02		0.02		3.69		0.02		3.69		0.01		
22.266		120.1		185.5		0.02		0.01		3.69		0.02		3.69		0.01		
22.363		124.0		182.0		0.02		0.02		3.69		0.02		3.69		0.01		
22.461		130.1		180.3		0.02		0.02		3.69		0.02		3.69		0.01		
22.559		137.5		180.7		0.02		0.02		3.70		0.02		3.69		0.01		
22.656		135.7		179.4		0.02		0.02		3.69		0.02		3.69		0.01		
22.754		144.0		175.9		0.02		0.02		3.68		0.02		3.69		0.01		
22.852		147.0		175.5		0.02		0.02		3.70		0.02		3.68		0.01		
22.949		150.5		171.2		0.02		0.02		3.69		0.02		3.69		0.01		
23.047		155.2		168.6		0.02		0.02		3.69		0.02		3.69		0.01		
23.145		161.7		162.1		0.02		0.02		3.70		0.01		3.69		0.01		
23.242		162.6		159.9		0.02		0.02		3.69		0.02		3.69		0.01		
23.340		165.6		156.4		0.02		0.02		3.69		0.01		3.68		0.01		
23.438		168.7		154.3		0.02		0.02		3.70		0.02		3.68		0.01		
23.535		176.9		149.1		0.02		0.02		3.69		0.02		3.69		0.01		
23.633		175.6		143.0		0.02		0.02		3.69		0.02		3.69		0.01		
23.730		178.2		137.4		0.02		0.02		3.70		0.02		3.69		0.01		
23.828		183.0		135.6		0.02		0.02		3.69		0.01		3.69		0.01		
23.926		182.1		130.4		0.02		0.02		3.69		0.02		3.69		0.01		
24.023		182.5		130.0		0.02		0.02		3.69		0.02		3.68		0.01		
24.121		186.0		122.6		0.02		0.02		3.69		0.02		3.69		0.01		
24.219		186.9		120.0		0.02		0.02		3.69		0.02		3.69		0.01		
24.316		186.9		118.7		0.02		0.02		3.69		0.02		3.68		0.01		
24.414		187.8		111.4		0.02		0.02		3.69		0.02		3.69		0.01		
24.512		188.6		106.6		0.02		0.02		3.69		0.02		3.69		0.01		
24.609		190.8		104.4		0.02		0.02		3.70		0.02		3.69		0.01		
24.707		191.7		98.8		0.02		0.02		3.69		0.02		3.69		0.01		
24.805		190.4		99.7		0.02		0.02		3.69		0.02		3.69		0.01		
24.902		190.8		93.6		0.02		0.02		3.70		0.02		3.69		0.01		
25.000		185.1		175.9		3.69		0.01		0.02		0.02		3.69		0.01		
25.098		192.1		185.9		3.69		0.01		0.02		0.02		3.69		0.01		
25.195		190.8		183.7		3.69		0.01		0.02		0.02		3.69		0.01		
25.293		188.2		185.5		3.69		0.01		0.02		0.02		3.69		0.01		
25.391		189.5		183.7		3.69		0.01		0.02		0.02		3.69		0.01		
25.488		187.3		184.2		3.69		0.01		0.02		0.02		3.69		0.01		
25.586		189.5		185.9		3.69		0.01		0.02		0.02		3.69		0.01		
25.684		189.5		182.0		3.69		0.01		0.01		0.02		3.69		0.01		
25.781		187.8		185.0		3.69		0.01		0.02		0.02		3.69		0.01		
25.879		181.7		181.6		3.69		0.01		0.02		0.03		3.69		0.01		
25.977		184.7		178.5		3.69		0.02		0.02		0.03		3.69		0.01		
26.074		177.8		176.4		3.69		0.01		0.02		0.03		3.69		0.01		
26.172		179.1		176.4		3.69		0.02		0.02		0.03		3.69		0.02		
26.270		176.0		172.0		3.69		0.02		0.02		0.02		3.69		0.01		
26.367		173.4		168.6		3.69		0.01		0.03		0.03		3.69		0.01		
26.465		168.7		164.2		3.69		0.01		0.02		0.02		3.69		0.01		
26.563		166.5		163.4		3.69		0.02		0.02		0.02		3.69		0.01		
26.660		161.3		159.0		3.69		0.02		0.02		0.03		3.69		0.01		
26.758		157.8		154.3		3.69		0.01		0.02		0.02		3.69		0.01		
26.855		153.1		150.8		3.69		0.02		0.02		0.03		3.69		0.01		
26.953		151.8		145.6		3.69		0.02		0.03		0.02		3.69		0.01		
27.051		147.0		141.7		3.70		0.01		0.02		0.02		3.69		0.01		
27.148		138.3		134.8		3.70		0.02		0.02		0.03		3.69		0.02		
27.246		135.3		133.9		3.69		0.01		0.03		0.03		3.69		0.02		
27.344		132.7		128.7		3.69		0.02		0.02		0.03		3.69		0.01		
27.441		127.5		124.8		3.69		0.01		0.02		0.03		3.69		0.01		
27.539		127.5		124.4		3.70		0.02		0.03		0.02		3.69		0.01		
27.637		122.7		117.4		3.69		0.02		0.02		0.02		3.69		0.02		
27.734		120.1		111.8		3.70		0.02		0.02		0.03		3.69		0.01		
27.832		111.4		111.4		3.69		0.02		0.03		0.02		3.69		0.01		
27.930		111.9		106.6		3.69		0.01		0.02		0.03		3.69		0.02		
28.027		107.1		104.4		3.69		0.02		0.02		0.03		3.69		0.01		
28.125		100.6		101.8		3.69		0.01		0.02		0.02		3.69		0.01		
28.223		99.3		95.3		3.69		0.01		0.02		0.02		3.69		0.01		
28.320		125.3		136.1		3.69		0.02		0.02		0.03		0.02		3.68		
28.418		86.3		186.3		3.69		0.01		0.02		0.02		0.02		3.69		
28.516		85.0		187.2		3.69		0.02		0.02		0.02		0.02		3.69		
28.613		80.7		186.3		3.69		0.01		0.02		0.02		0.02		3.69		
28.711		78.0		188.1		3.69		0.01		0.02		0.02		0.02		3.69		
28.809		76.3		187.6		3.69		0.01		0.02		0.02		0.02		3.69		
28.906		70.7		185.0		3.69		0.01		0.01		0.02		0.02		3.69		
29.004		65.5		183.3		3.69		0.02		0.02		0.02		0.02		3.69		
29.102		60.3		183.7		3.69		0.01		0.02		0.02		0.02		3.69		
29.199		54.6		180.7		3.69		0.01		0.02		0.02		0.02		3.69		
29.297		49.9		178.1		3.69		0.01		0.02		0.02		0.02		3.69		
29.395		40.3		175.9		3.69		0.01		0.02		0.02		0.02		3.69		
29.492		32.1		176.4		3.69		0.01		0.02		0.03		0.02		3.69		
29.590		26.4		172.5		3.69		0.01		0.02		0.02		0.02		3.68		
29.688		19.5		172.9		3.69		0.01		0.02		0.02		0.02		3.69		
29.785		9.1		166.4		3.69		0.01		0.02		0.02		0.02		3.69		
29.883		2.6		160.3		3.69		0.01		0.02		0.02		0.02		3.69		
29.980		-5.6		156.4		3.69		0.01		0.02		0.02		0.02		3.69		
30.078		-10.4		151.7		3.69		0.01		0.02		0.02		0.02		3.68		
30.176		-18.2		150.4		3.69		0.01		0.02		0.02		0.02		3.69		
30.273		-23.8		143.0		3.70		0.02		0.02		0.02		0.02		3.69		
30.371		-33.0		136.9		3.69		0.01		0.01		0.02		0.02		3.69		
30.469		-41.2		135.6		3.69		0.01		0.02		0.02		0.02		3.69		
30.566		-47.7		131.7		3.69		0.02		0.02		0.02		0.02		3.69		
30.664		-51.2		130.9		3.69		0.02		0.02		0.02		0.02		3.69		
30.762		-55.9		125.2		3.69		0.01		0.02		0.02		0.02		3.68		
30.859		-62.4		120.9		3.69		0.01		0.02		0.03		0.02		3.69		
30.957		-65.5		119.2		3.69		0.01		0.02		0.02		0.02		3.69		
31.055		-74.1		114.4		3.69		0.01		0.02		0.02		0.02		3.69		
31.152		-77.6		112.7		3.69		0.01		0.02		0.02		0.02		3.69		
31.250		-80.7		106.2		3.69		0.02		0.02		0.02		0.02		3.69		
31.348		-87.6		102.3		3.69		0.01		0.02		0.02		0.02		3.69		
31.445		-93.2		101.8		3.69		0.01		0.02		0.02		0.02		3.68		
31.543		-95.8		94.0		3.69		0.01		0.02		0.02		0.02		3.69		
31.641		-13.9		117.4		0.03		3.69		0.02		0.02		0.02		3.69		
31.738		-101.5		181.6		0.02		3.69		0.02		0.03		0.02		3.69		
31.836		-104.1		186.3		0.02		3.69		0.01		0.03		0.02		3.69		
31.934		-107.5		185.9		0.02		3.69		0.02		0.02		0.02		3.69		
32.031		-112.7		184.6		0.02		3.69		0.02		0.02		0.02		3.68		
32.129		-116.2		183.7		0.02		3.69		0.01		0.03		0.02		3.68		
32.227		-119.2		182.0		0.02		3.69		0.02		0.02		0.01		3.68		
32.324		-124.9		182.4		0.02		3.69		0.02		0.02		0.02		3.69		
32.422		-127.5		179.8		0.02		3.69		0.01		0.02		0.02		3.69		
32.520		-129.2		180.7		0.02		3.69		0.02		0.02		0.02		3.69		
32.617		-140.9		176.4		0.02		3.69		0.01		0.02		0.02		3.69		
32.715		-142.7		176.4		0.02		3.69		0.01		0.03		0.02		3.69		
32.813		-147.9		172.9		0.02		3.69		0.02		0.02		0.02		3.69		
32.910		-150.0		172.9		0.02		3.69		0.01		0.02		0.03		3.69		
33.008		-153.9		171.2		0.02		3.69		0.01		0.03		0.02		3.69		
33.105		-155.2		166.4		0.02		3.69		0.02		0.02		0.02		3.68		
33.203		-160.0		160.3		0.02		3.69		0.02		0.02		0.02		3.69		
33.301		-169.1		156.0		0.02		3.69		0.01		0.02		0.02		3.69		
33.398		-169.5		155.1		0.02		3.69		0.02		0.02		0.02		3.69		
33.496		-174.3		148.6		0.02		3.69		0.02		0.02		0.02		3.69		
33.594		-174.3		147.8		0.02		3.69		0.01		0.02		0.02		3.69		
33.691		-177.8		140.0		0.02		3.69		0.02		0.03		0.02		3.69		
33.789		-180.4		134.3		0.02		3.69		0.01		0.02		0.02		3.69		
33.887		-181.7		132.2		0.02		3.69		0.01		0.03		0.02		3.69		
33.984		-182.1		130.4		0.02		3.69		0.02		0.02		0.02		3.69		
34.082		-184.7		124.8		0.02		3.69		0.02		0.02		0.02		3.69		
34.180		-184.3		120.5		0.02		3.69		0.01		0.02		0.02		3.68		
34.277		-187.3		117.0		0.03		3.69		0.02		0.02		0.02		3.69		
34.375		-190.8		110.9		0.02		3.69		0.01		0.02		0.02		3.72		
34.473		-190.4		110.1		0.02		3.69		0.01		0.03		0.02		3.69		
34.570		-192.1		107.0		0.02		3.69		0.02		0.02		0.02		3.69		
34.668		-190.8		103.6		0.03		3.69		0.02		0.02		0.02		3.69		
34.766		-192.1		101.8		0.02		3.69		0.01		0.02		0.02		3.68		
34.863		-192.5		95.8		0.02		3.69		0.02		0.03		0.02		3.69		
34.961		-174.7		101.8		0.02		3.69		0.02		3.70		0.02		0.02		
35.059		-191.7		183.7		0.02		3.69		0.01		3.70		0.01		0.02		
35.156		-190.8		185.0		0.02		3.69		0.02		3.69		0.02		0.02		
35.254		-190.4		184.2		0.02		3.69		0.02		3.69		0.02		0.02		
35.352		-188.6		186.3		0.02		3.69		0.01		3.69		0.02		0.02		
35.449		-190.8		183.3		0.02		3.69		0.02		3.69		0.02		0.02		
35.547		-190.8		182.9		0.02		3.69		0.02		3.69		0.02		0.02		
35.645		-189.1		182.9		0.02		3.69		0.01		3.70		0.02		0.02		
35.742		-187.3		180.7		0.02		3.69		0.02		3.69		0.01		0.02		
35.840		-184.7		180.7		0.02		3.69		0.02		3.69		0.01		0.02		
35.938		-181.7		181.1		0.02		3.69		0.01		3.69		0.01		0.02		
36.035		-179.9		175.5		0.02		3.69		0.02		3.69		0.01		0.02		
36.133		-177.8		174.6		0.02		3.69		0.02		3.70		0.02		0.02		
36.230		-180.8		172.5		0.02		3.69		0.01		3.70		0.01		0.02		
36.328		-175.6		170.7		0.02		3.69		0.02		3.69		0.01		0.02		
36.426		-172.1		166.8		0.02		3.69		0.01		3.69		0.01		0.02		
36.523		-168.2		164.7		0.02		3.69		0.01		3.70		0.02		0.02		
36.621		-163.0		161.2		0.02		3.69		0.02		3.69		0.01		0.02		
36.719		-160.0		153.4		0.02		3.69		0.01		3.69		0.01		0.02		
36.816		-157.8		152.1		0.02		3.69		0.01		3.69		0.01		0.02		
36.914		-149.6		146.9		0.02		3.69		0.02		3.69		0.01		0.01		
37.012		-144.8		143.0		0.02		3.69		0.01		3.69		0.01		0.01		
37.109		-141.4		138.2		0.02		3.69		0.01		3.70		0.01		0.02		
37.207		-137.9		132.6		0.02		3.69		0.02		3.69		0.01		0.01		
37.305		-134.4		127.8		0.02		3.69		0.02		3.69		0.01		0.02		
37.402		-130.9		126.1		0.02		3.69		0.01		3.69		0.01		0.02		
37.500		-124.9		123.9		0.02		3.69		0.02		3.69		0.01		0.02		
37.598		-122.7		118.7		0.02		3.69		0.01		3.69		0.01		0.01		
37.695		-121.8		114.4		0.02		3.69		0.01		3.69		0.01		0.02		
37.793		-114.9		109.2		0.02		3.69		0.02		3.69		0.01		0.01		
37.891		-110.1		108.3		0.02		3.69		0.01		3.69		0.01		0.02		
37.988		-105.8		103.6		0.02		3.69		0.01		3.70		0.01		0.01		
38.086		-103.2		99.2		0.02		3.69		0.02		3.69		0.01		0.02		
38.184		-100.6		99.7		0.02		3.69		0.02		3.69		0.01		0.01		
38.281		-98.4		94.5		0.02		3.69		0.01		3.69		0.02		0.02		
38.379		-79.8		183.7		0.02		0.02		3.70		3.69		0.02		0.02		
38.477		-90.2		187.2		0.02		0.02		3.69		3.69		0.01		0.02		
38.574		-86.3		187.6		0.02		0.02		3.69		3.69		0.02		0.02		
38.672		-80.7		185.9		0.02		0.02		3.70		3.69		0.01		0.02		
38.770		-75.9		185.5		0.02		0.02		3.69		3.69		0.01		0.02		
38.867		-72.4		184.6		0.02		0.02		3.69		3.69		0.01		0.02		
38.965		-67.2		186.3		0.02		0.02		3.70		3.69		0.01		0.02		
39.063		-61.6		182.9		0.02		0.02		3.69		3.69		0.02		0.02		
39.160		-56.4		182.4		0.02		0.01		3.69		3.69		0.01		0.02		
39.258		-52.0		177.2		0.02		0.02		3.70		3.69		0.01		0.02		
39.355		-45.1		177.2		0.02		0.02		3.69		3.69		0.01		0.02		
39.453		-35.6		175.9		0.02		0.02		3.69		3.69		0.02		0.02		
39.551		-30.4		174.6		0.02		0.02		3.69		3.69		0.02		0.02		
39.648		-20.8		169.9		0.02		0.02		3.69		3.69		0.01		0.02		
39.746		-16.0		166.8		0.02		0.02		3.69		3.69		0.01		0.02		
39.844		-6.5		162.5		0.02		0.02		3.70		3.69		0.01		0.02		
39.941		-0.4		159.9		0.02		0.02		3.69		3.69		0.01		0.01		
40.039		6.5		156.9		0.02		0.02		3.69		3.69		0.01		0.02		
40.137		15.2		151.7		0.02		0.02		3.70		3.69		0.01		0.02		
40.234		23.4		146.9		0.02		0.02		3.69		3.69		0.02		0.02		
40.332		31.2		142.1		0.02		0.02		3.69		3.69		0.02		0.02		
40.430		33.8		140.4		0.02		0.02		3.70		3.69		0.01		0.02		
40.527		43.4		137.8		0.02		0.02		3.69		3.69		0.01		0.01		
40.625		49.0		133.9		0.02		0.02		3.69		3.69		0.01		0.02		
40.723		54.6		129.6		0.02		0.02		3.70		3.69		0.01		0.02		
40.820		60.7		125.7		0.02		0.02		3.69		3.69		0.01		0.02		
40.918		62.9		120.9		0.02		0.02		3.69		3.69		0.01		0.01		
41.016		69.4		117.0		0.02		0.02		3.70		3.69		0.01		0.02		
41.113		72.8		114.0		0.02		0.01		3.69		3.69		0.01		0.02		
41.211		78.9		108.3		0.02		0.02		3.69		3.69		0.01		0.01		
41.309		85.0		106.6		0.02		0.02		3.70		3.69		0.01		0.02		
41.406		89.8		101.0		0.02		0.02		3.69		3.69		0.01		0.02		
41.504		94.5		95.8		0.02		0.02		3.69		3.69		0.01		0.02		
41.602		97.1		93.6		0.02		0.02		3.70		3.69		0.01		0.02		
41.699		104.5		181.1		0.02		0.02		3.69		0.02		3.69		0.01		
41.797		102.8		185.9		0.02		0.02		3.69		0.02		3.69		0.01		
41.895		106.2		184.6		0.02		0.02		3.69		0.02		3.69		0.01		
41.992		108.8		185.0		0.02		0.02		3.69		0.02		3.69		0.01		
42.090		116.2		185.9		0.02		0.02		3.69		0.02		3.69		0.01		
42.188		117.9		182.9		0.02		0.02		3.70		0.02		3.69		0.01		
42.285		122.7		183.7		0.02		0.02		3.69		0.02		3.69		0.01		
42.383		127.0		184.2		0.02		0.02		3.69		0.02		3.69		0.01		
42.480		130.5		183.7		0.02		0.02		3.70		0.02		3.69		0.01		
42.578		136.2		183.3		0.02		0.02		3.69		0.02		3.69		0.01		
42.676		137.5		179.4		0.02		0.02		3.69		0.02		3.69		0.01		
42.773		143.1		175.1		0.02		0.02		3.69		0.02		3.69		0.01		
42.871		148.7		173.3		0.02		0.02		3.69		0.02		3.69		0.01		
42.969		153.9		172.5		0.02		0.02		3.68		0.02		3.69		0.01		
43.066		157.0		166.0		0.02		0.02		3.69		0.02		3.69		0.01		
43.164		160.4		160.3		0.02		0.02		3.69		0.02		3.69		0.01		
43.262		161.7		159.9		0.02		0.02		3.69		0.02		3.69		0.01		
43.359		167.4		154.7		0.02		0.02		3.70		0.02		3.69		0.01		
43.457		169.1		152.1		0.02		0.02		3.69		0.01		3.69		0.01		
43.555		174.3		149.5		0.02		0.02		3.69		0.02		3.69		0.01		
43.652		176.9		144.7		0.02		0.02		3.70		0.02		3.69		0.01		
43.750		178.2		141.3		0.02		0.02		3.69		0.02		3.69		0.01		
43.848		181.7		135.6		0.02		0.02		3.69		0.02		3.69		0.01		
43.945		182.1		132.2		0.02		0.02		3.69		0.01		3.69		0.01		
44.043		182.5		129.1		0.02		0.02		3.69		0.02		3.68		0.01		
44.141		187.8		123.9		0.02		0.02		3.69		0.02		3.69		0.01		
44.238		187.8		121.8		0.02		0.02		3.69		0.02		3.69		0.01		
44.336		190.4		115.7		0.02		0.02		3.69		0.02		3.69		0.01		
44.434		188.6		112.7		0.02		0.02		3.69		0.02		3.69		0.01		
44.531		187.8		110.5		0.02		0.02		3.70		0.02		3.68		0.01		
44.629		190.4		106.2		0.02		0.02		3.69		0.01		3.69		0.01		
44.727		192.1		100.5		0.02		0.02		3.69		0.02		3.69		0.01		
44.824		192.1		98.8		0.02		0.02		3.70		0.02		3.68		0.01		
44.922		193.4		94.5		0.02		0.02		3.69		0.02		3.69		0.01		
45.020		188.2		181.6		3.69		0.01		0.02		0.03		3.69		0.01		
45.117		188.6		184.6		3.69		0.01		0.02		0.02		3.69		0.01		
45.215		191.7		184.6		3.69		0.01		0.02		0.02		3.69		0.01		
45.313		193.0		187.2		3.69		0.01		0.01		0.02		3.69		0.01		
45.410		191.7		186.3		3.69		0.01		0.02		0.02		3.69		0.01		
45.508		187.3		185.5		3.69		0.01		0.02		0.02		3.69		0.01		
45.605		188.6		184.6		3.69		0.01		0.02		0.02		3.69		0.01		
45.703		190.4		184.2		3.69		0.01		0.02		0.02		3.69		0.01		
45.801		187.8		181.6		3.69		0.01		0.02		0.02		3.69		0.01		
45.898		185.1		179.4		3.69		0.01		0.01		0.03		3.69		0.01		
45.996		180.8		178.5		3.69		0.01		0.02		0.02		3.69		0.01		
46.094		179.5		176.4		3.69		0.01		0.02		0.02		3.69		0.01		
46.191		177.3		175.9		3.69		0.01		0.02		0.02		3.69		0.01		
46.289		175.6		170.7		3.69		0.01		0.02		0.02		3.69		0.01		
46.387		171.3		169.9		3.69		0.01		0.02		0.02		3.69		0.01		
46.484		169.5		164.2		3.69		0.01		0.02		0.03		3.69		0.02		
46.582		166.5		159.5		3.69		0.01		0.03		0.02		3.69		0.01		
46.680		159.1		159.5		3.69		0.02		0.02		0.02		3.69		0.01		
46.777		158.7		156.4		3.69		0.01		0.02		0.02		3.69		0.02		
46.875		153.5		147.8		3.69		0.02		0.03		0.02		3.69		0.01		
46.973		150.9		147.8		3.69		0.02		0.02		0.02		3.69		0.01		
47.070		144.4		142.6		3.69		0.01		0.02		0.03		3.69		0.02		
47.168		141.4		136.9		3.69		0.02		0.03		0.03		3.69		0.01		
47.266		135.3		131.3		3.70		0.02		0.02		0.02		3.69		0.02		
47.363		130.9		129.1		3.70		0.02		0.02		0.03		3.69		0.02		
47.461		130.9		124.8		3.69		0.01		0.02		0.02		3.69		0.01		
47.559		124.4		122.2		3.69		0.01		0.02		0.02		3.69		0.02		
47.656		121.8		117.9		3.69		0.02		0.02		0.02		3.69		0.02		
47.754		115.8		116.6		3.69		0.02		0.03		0.02		3.69		0.01		
47.852		107.5		112.2		3.69		0.01		0.02		0.02		3.69		0.02		
47.949		107.5		107.0		3.69		0.01		0.02		0.02		3.69		0.01		
48.047		106.7		101.8		3.69		0.01		0.02		0.02		3.69		0.01		
48.145		102.3		100.5		3.69		0.02		0.02		0.02		3.69		0.01		
48.242		97.1		95.8		3.69		0.01		0.02		0.02		3.69		0.01		
48.340		93.2		147.8		3.69		0.02		0.03		0.03		0.02		3.68		
48.438		87.2		185.9		3.69		0.01		0.02		0.02		0.02		3.69		
48.535		84.6		183.7		3.69		0.01		0.02		0.03		0.02		3.69		
48.633		84.6		186.8		3.69		0.01		0.03		0.02		0.02		3.68		
48.730		75.4		186.3		3.69		0.02		0.02		0.02		0.02		3.68		
48.828		76.7		187.2		3.69		0.01		0.02		0.02		0.02		3.68		
48.926		68.9		187.6		3.69		0.01		0.03		0.02		0.02		3.68		
49.023		65.5		186.3		3.69		0.01		0.02		0.02		0.02		3.68		
49.121		59.8		182.0		3.69		0.01		0.02		0.02		0.02		3.68		
49.219		53.8		182.4		3.69		0.01		0.02		0.02		0.02		3.68		
49.316		45.1		181.1		3.69		0.01		0.02		0.02		0.02		3.68		
49.414		39.5		179.4		3.69		0.02		0.02		0.02		0.02		3.68		
49.512		35.1		175.5		3.69		0.01		0.02		0.02		0.02		3.69		
49.609		26.9		171.2		3.69		0.01		0.02		0.02		0.02		3.68		
49.707		18.6		171.2		3.69		0.01		0.02		0.02		0.02		3.68		
49.805		11.7		166.0		3.69		0.01		0.02		0.02		0.02		3.69		
49.902		3.9		161.6		3.69		0.01		0.02		0.02		0.02		3.68		
