Oscilloscope Trace Export		
Festo Didactic LVDAC-EMS 3.19		
		
		
		Ch1		Ch2		Ch3		Ch4		Ch5		Ch6		Ch7		Ch8		
Time 		E1		E2		AI5		AI1		AI6		AI2		I3		E3		
(ms)		(V)		(V)		(V)		(V)		(V)		(V)		(A)		(V)		
0.000		13.0		-163.7		0.02		0.02		0.02		0.02		0.599		137.4		
0.098		14.3		-170.7		0.02		0.02		0.02		0.02		0.666		153.4		
0.195		23.8		-172.4		0.02		0.02		0.02		0.02		0.643		145.2		
0.293		26.9		-177.2		0.02		0.02		0.02		0.02		0.622		143.4		
0.391		33.4		-180.3		0.02		0.02		0.02		0.02		0.613		138.2		
0.488		39.9		-179.9		0.02		0.02		0.02		0.02		0.601		136.5		
0.586		44.2		-186.4		0.02		0.02		0.01		0.02		0.586		132.2		
0.684		52.9		-184.2		0.02		0.02		0.02		0.02		0.571		127.0		
0.781		56.8		-184.7		0.02		0.02		0.02		0.02		0.546		124.4		
0.879		63.7		-186.9		0.02		0.02		0.01		0.02		0.535		121.3		
0.977		66.3		-191.7		0.02		0.02		0.02		0.02		0.520		120.9		
1.074		74.1		-187.7		0.02		0.02		0.02		0.02		0.495		111.8		
1.172		78.9		-190.4		0.02		0.02		0.02		0.02		0.487		107.5		
1.270		85.4		-188.6		0.02		0.02		0.02		0.02		0.476		107.0		
1.367		87.2		-192.6		0.02		0.02		0.02		0.02		0.472		105.7		
1.465		93.2		-197.4		0.02		0.02		0.02		0.02		0.444		98.4		
1.563		96.7		-195.2		0.02		0.02		0.02		0.02		0.419		94.0		
1.660		103.2		-193.4		0.02		0.02		0.02		0.02		0.406		89.3		
1.758		102.3		-196.9		0.02		0.02		0.02		0.02		0.381		88.8		
1.855		110.1		-194.7		0.02		0.02		0.02		0.02		0.364		84.1		
1.953		115.3		-195.2		0.02		0.02		0.02		0.02		0.351		78.4		
2.051		114.9		-193.4		0.02		0.02		0.02		0.02		0.330		75.8		
2.148		119.7		-196.9		0.02		0.02		0.02		0.02		0.313		70.2		
2.246		123.1		-191.7		0.02		0.02		0.02		0.02		0.298		67.2		
2.344		127.9		-194.3		0.02		0.02		0.02		0.02		0.288		63.7		
2.441		132.7		-195.2		0.02		0.02		0.02		0.02		0.250		60.2		
2.539		134.9		-191.2		0.02		0.02		0.02		0.02		0.231		52.4		
2.637		140.1		-185.1		0.02		0.02		0.02		0.02		0.203		46.8		
2.734		143.5		-189.5		0.02		0.02		0.02		0.02		0.169		39.4		
2.832		147.9		-180.3		0.02		0.02		0.02		0.02		0.129		33.8		
2.930		154.8		-181.2		0.02		0.02		0.02		0.02		0.116		24.3		
3.027		157.4		-177.2		0.02		0.02		0.02		0.02		0.091		18.2		
3.125		159.6		-174.6		0.02		0.02		0.02		0.02		0.051		10.0		
3.223		166.9		-169.8		0.02		0.02		0.02		0.02		0.013		4.3		
3.320		150.0		-130.4		3.69		0.03		0.01		0.02		0.535		119.6		
3.418		167.8		-154.9		3.68		0.02		0.01		0.02		0.668		149.1		
3.516		169.5		-149.2		3.69		0.02		0.01		0.02		0.647		147.3		
3.613		176.0		-142.2		3.68		0.02		0.01		0.02		0.620		140.8		
3.711		176.5		-141.4		3.69		0.02		0.01		0.02		0.626		137.4		
3.809		177.3		-140.5		3.68		0.02		0.01		0.02		0.597		136.1		
3.906		182.1		-136.1		3.68		0.02		0.01		0.01		0.577		132.6		
4.004		184.3		-133.5		3.68		0.02		0.01		0.02		0.563		128.3		
4.102		186.0		-128.2		3.69		0.02		0.01		0.02		0.548		124.8		
4.199		186.4		-123.0		3.68		0.02		0.01		0.02		0.525		118.3		
4.297		187.8		-120.8		3.68		0.02		0.01		0.02		0.506		119.6		
4.395		186.4		-114.7		3.69		0.02		0.01		0.02		0.495		116.1		
4.492		192.5		-112.9		3.68		0.02		0.01		0.02		0.489		109.6		
4.590		190.4		-109.8		3.68		0.02		0.01		0.02		0.467		104.0		
4.688		193.0		-105.0		3.69		0.02		0.01		0.02		0.451		101.4		
4.785		193.0		-101.1		3.69		0.02		0.01		0.02		0.427		98.8		
4.883		194.3		-99.3		3.68		0.03		0.01		0.02		0.415		95.8		
4.980		195.6		-94.5		3.68		0.02		0.01		0.02		0.400		93.2		
5.078		193.8		-88.0		3.69		0.02		0.01		0.02		0.389		84.5		
5.176		193.8		-84.5		3.68		0.02		0.01		0.02		0.366		84.1		
5.273		194.7		-80.5		3.69		0.02		0.01		0.02		0.357		77.6		
5.371		195.6		-78.8		3.68		0.02		0.01		0.02		0.328		75.4		
5.469		195.6		-75.7		3.69		0.02		0.01		0.02		0.311		71.9		
5.566		193.0		-69.1		3.69		0.02		0.01		0.02		0.300		67.6		
5.664		191.7		-67.4		3.68		0.03		0.01		0.02		0.279		62.0		
5.762		189.5		-60.0		3.68		0.02		0.01		0.02		0.264		57.6		
5.859		189.1		-51.6		3.69		0.02		0.01		0.02		0.243		49.0		
5.957		188.2		-47.3		3.69		0.02		0.01		0.02		0.201		46.4		
6.055		184.7		-41.6		3.69		0.03		0.01		0.02		0.178		40.3		
6.152		183.8		-33.3		3.69		0.02		0.02		0.02		0.133		32.9		
6.250		181.7		-25.8		3.69		0.02		0.01		0.02		0.112		24.7		
6.348		178.6		-22.3		3.69		0.03		0.02		0.02		0.082		19.1		
6.445		174.7		-14.4		3.69		0.03		0.01		0.02		0.051		10.8		
6.543		172.1		-6.6		3.69		0.03		0.01		0.02		0.032		5.6		
6.641		152.6		15.8		3.69		3.69		0.02		0.02		0.163		49.0		
6.738		158.7		14.4		3.69		3.69		0.02		0.01		0.666		150.8		
6.836		154.4		21.0		3.69		3.69		0.01		0.01		0.639		148.6		
6.934		149.6		26.7		3.69		3.69		0.02		0.02		0.637		146.5		
7.031		143.5		35.4		3.69		3.69		0.02		0.01		0.613		141.7		
7.129		141.8		39.8		3.69		3.69		0.02		0.01		0.590		138.2		
7.227		138.3		45.5		3.69		3.69		0.02		0.02		0.584		134.8		
7.324		133.1		53.8		3.69		3.69		0.01		0.02		0.573		128.3		
7.422		127.0		57.8		3.69		3.69		0.01		0.02		0.556		124.4		
7.520		127.5		64.3		3.69		3.69		0.02		0.02		0.550		123.1		
7.617		121.4		67.4		3.69		3.69		0.01		0.02		0.525		116.1		
7.715		117.9		74.0		3.69		3.69		0.02		0.02		0.499		113.1		
7.813		115.3		77.5		3.69		3.69		0.02		0.02		0.497		111.4		
7.910		109.7		82.7		3.69		3.69		0.01		0.02		0.476		106.2		
8.008		105.4		88.0		3.69		3.69		0.01		0.02		0.465		103.1		
8.105		102.3		93.7		3.69		3.69		0.01		0.02		0.444		101.8		
8.203		97.6		96.7		3.69		3.69		0.01		0.01		0.429		97.5		
8.301		97.1		102.8		3.69		3.69		0.01		0.02		0.408		93.6		
8.398		92.4		105.5		3.68		3.69		0.01		0.02		0.391		89.7		
8.496		86.3		108.5		3.69		3.69		0.01		0.01		0.372		83.6		
8.594		84.1		113.3		3.69		3.69		0.01		0.01		0.347		81.9		
8.691		78.5		115.5		3.69		3.69		0.01		0.01		0.336		77.1		
8.789		78.0		121.7		3.69		3.69		0.01		0.01		0.334		75.0		
8.887		72.0		121.2		3.69		3.69		0.01		0.01		0.322		69.3		
8.984		72.0		126.0		3.68		3.69		0.01		0.01		0.296		69.3		
9.082		66.3		127.8		3.69		3.69		0.01		0.01		0.262		62.8		
9.180		59.8		133.9		3.69		3.69		0.02		0.01		0.237		57.6		
9.277		49.9		139.6		3.69		3.69		0.01		0.01		0.209		48.1		
9.375		42.5		142.7		3.69		3.69		0.01		0.01		0.186		43.8		
9.473		37.7		147.5		3.69		3.69		0.01		0.02		0.150		32.9		
9.570		27.3		152.3		3.69		3.69		0.01		0.01		0.118		27.7		
9.668		21.7		156.2		3.69		3.69		0.01		0.01		0.091		20.8		
9.766		16.0		158.4		3.69		3.69		0.01		0.01		0.059		15.2		
9.863		10.0		161.1		3.68		3.69		0.01		0.01		0.025		5.6		
9.961		1.7		166.3		0.02		3.69		3.68		0.02		0.002		0.4		
10.059		-12.1		166.3		0.02		3.69		3.68		0.02		0.652		149.9		
10.156		-19.9		169.8		0.02		3.69		3.68		0.01		0.654		148.2		
10.254		-26.9		173.3		0.02		3.69		3.68		0.01		0.620		143.4		
10.352		-31.7		175.1		0.02		3.69		3.68		0.02		0.609		142.6		
10.449		-36.0		179.0		0.02		3.69		3.68		0.02		0.597		136.5		
10.547		-44.7		182.9		0.02		3.69		3.68		0.01		0.577		133.5		
10.645		-48.1		182.5		0.02		3.69		3.68		0.01		0.567		130.4		
10.742		-55.9		182.9		0.02		3.69		3.68		0.02		0.556		130.0		
10.840		-60.7		186.0		0.02		3.69		3.68		0.02		0.531		125.2		
10.938		-68.5		186.4		0.02		3.69		3.68		0.01		0.537		117.4		
11.035		-73.7		192.1		0.02		3.69		3.68		0.01		0.495		116.6		
11.133		-80.2		189.1		0.02		3.69		3.68		0.01		0.476		112.7		
11.230		-82.8		193.9		0.02		3.69		3.68		0.02		0.461		107.0		
11.328		-86.7		190.4		0.02		3.69		3.68		0.02		0.461		104.4		
11.426		-92.8		192.1		0.02		3.69		3.68		0.02		0.440		98.8		
11.523		-95.0		191.7		0.02		3.69		3.68		0.01		0.427		97.9		
11.621		-98.4		193.4		0.02		3.69		3.68		0.01		0.404		91.4		
11.719		-101.9		193.9		0.02		3.69		3.68		0.02		0.393		90.1		
11.816		-108.0		197.8		0.02		3.69		3.68		0.01		0.379		81.0		
11.914		-111.9		194.3		0.02		3.69		3.68		0.01		0.355		80.2		
12.012		-116.2		195.2		0.02		3.69		3.68		0.01		0.343		78.0		
12.109		-120.1		193.4		0.02		3.69		3.68		0.01		0.319		74.1		
12.207		-121.0		195.6		0.02		3.69		3.68		0.02		0.313		69.3		
12.305		-125.7		192.1		0.02		3.69		3.68		0.02		0.307		65.4		
12.402		-128.8		192.6		0.02		3.69		3.68		0.01		0.267		61.1		
12.500		-135.3		186.4		0.02		3.69		3.68		0.01		0.235		55.0		
12.598		-138.3		189.1		0.02		3.69		3.68		0.01		0.205		48.5		
12.695		-143.5		185.1		0.02		3.69		3.68		0.01		0.173		39.0		
12.793		-147.9		180.3		0.02		3.69		3.68		0.01		0.150		32.9		
12.891		-154.4		181.6		0.02		3.69		3.68		0.01		0.118		26.9		
12.988		-155.2		178.6		0.02		3.69		3.68		0.02		0.089		22.5		
13.086		-157.0		173.7		0.02		3.69		3.68		0.01		0.061		16.0		
13.184		-162.2		169.4		0.02		3.69		3.68		0.01		0.032		7.4		
13.281		-168.2		166.3		0.02		3.69		3.68		0.02		0.015		0.4		
13.379		-164.3		154.9		0.01		0.03		3.68		3.69		0.652		149.1		
13.477		-175.2		154.0		0.02		0.02		3.68		3.69		0.643		152.1		
13.574		-174.3		148.8		0.02		0.03		3.69		3.69		0.637		145.2		
13.672		-174.7		145.3		0.02		0.02		3.68		3.69		0.620		143.0		
13.770		-181.2		142.7		0.02		0.03		3.69		3.69		0.601		136.1		
13.867		-179.5		136.1		0.02		0.03		3.68		3.69		0.590		133.9		
13.965		-185.6		132.2		0.01		0.02		3.69		3.69		0.567		130.0		
14.063		-187.8		130.0		0.02		0.02		3.68		3.69		0.556		128.3		
14.160		-189.9		123.9		0.02		0.02		3.68		3.69		0.537		123.1		
14.258		-188.6		122.1		0.02		0.02		3.69		3.69		0.533		117.0		
14.355		-190.8		118.2		0.02		0.02		3.68		3.69		0.501		113.1		
14.453		-189.9		113.8		0.02		0.03		3.68		3.69		0.478		111.4		
14.551		-193.8		109.4		0.02		0.02		3.68		3.69		0.461		106.2		
14.648		-194.3		108.1		0.02		0.03		3.69		3.69		0.453		104.0		
14.746		-192.1		101.5		0.01		0.02		3.68		3.69		0.440		99.2		
14.844		-193.0		98.9		0.02		0.02		3.69		3.69		0.412		94.5		
14.941		-194.7		93.2		0.04		0.03		3.68		3.69		0.408		93.2		
15.039		-196.0		91.0		0.01		0.02		3.68		3.69		0.400		88.8		
15.137		-197.7		86.7		0.01		0.02		3.68		3.69		0.374		84.9		
15.234		-194.7		79.2		0.02		0.02		3.68		3.69		0.362		80.2		
15.332		-197.7		78.3		0.01		0.02		3.68		3.69		0.338		78.4		
15.430		-193.4		75.7		0.01		0.02		3.68		3.69		0.328		70.6		
15.527		-194.3		71.8		0.02		0.02		3.68		3.69		0.315		70.2		
15.625		-193.8		69.6		0.01		0.02		3.68		3.69		0.300		65.9		
15.723		-192.1		59.5		0.01		0.02		3.68		3.69		0.267		59.8		
15.820		-188.6		55.1		0.02		0.02		3.68		3.69		0.235		55.0		
15.918		-189.5		50.8		0.02		0.02		3.68		3.69		0.224		51.6		
16.016		-187.3		42.5		0.01		0.02		3.68		3.69		0.192		41.6		
16.113		-183.0		36.3		0.01		0.03		3.68		3.69		0.150		36.8		
16.211		-183.0		28.9		0.01		0.03		3.68		3.69		0.129		27.3		
16.309		-179.5		21.4		0.01		0.02		3.68		3.69		0.095		22.5		
16.406		-175.6		17.1		0.01		0.02		3.68		3.69		0.059		16.5		
16.504		-173.4		6.1		0.02		0.02		3.68		3.69		0.036		9.1		
16.602		-171.3		0.9		0.01		0.02		3.68		3.69		0.011		0.4		
16.699		-157.4		-9.2		0.01		0.02		0.02		3.69		0.664		150.4		
16.797		-150.9		-17.5		0.01		0.02		0.02		3.69		0.656		149.9		
16.895		-150.0		-26.3		0.01		0.02		0.02		3.69		0.649		146.5		
16.992		-147.0		-35.0		0.02		0.02		0.02		3.69		0.628		143.4		
17.090		-140.1		-39.8		0.01		0.02		0.01		3.68		0.616		136.9		
17.188		-138.8		-46.0		0.01		0.02		0.01		3.69		0.582		133.9		
17.285		-132.7		-48.6		0.01		0.02		0.02		3.69		0.584		129.1		
17.383		-131.4		-53.4		0.02		0.02		0.02		3.69		0.565		125.2		
17.480		-127.9		-58.6		0.01		0.02		0.02		3.69		0.550		124.4		
17.578		-121.0		-66.5		0.01		0.02		0.02		3.69		0.533		117.4		
17.676		-119.7		-67.4		0.01		0.02		0.02		3.68		0.503		113.1		
17.773		-114.0		-77.5		0.01		0.02		0.01		3.69		0.484		110.5		
17.871		-111.0		-81.0		0.01		0.02		0.02		3.69		0.461		107.9		
17.969		-107.1		-87.5		0.02		0.02		0.02		3.69		0.459		105.7		
18.066		-107.1		-91.5		0.01		0.02		0.02		3.69		0.453		99.7		
18.164		-98.4		-95.0		0.02		0.03		0.02		3.69		0.429		98.4		
18.262		-98.0		-96.3		0.02		0.02		0.02		3.69		0.412		93.2		
18.359		-92.8		-104.6		0.01		0.02		0.02		3.69		0.402		89.7		
18.457		-91.5		-105.0		0.02		0.02		0.02		3.69		0.379		84.1		
18.555		-85.4		-112.9		0.01		0.02		0.02		3.69		0.368		81.5		
18.652		-81.1		-116.0		0.01		0.02		0.02		3.69		0.341		79.3		
18.750		-81.5		-120.8		0.01		0.03		0.02		3.69		0.330		76.7		
18.848		-76.3		-120.4		0.02		0.02		0.02		3.69		0.313		73.7		
18.945		-71.1		-123.9		0.01		0.02		0.02		3.69		0.300		69.3		
19.043		-65.0		-127.4		0.02		0.02		0.02		3.69		0.279		65.0		
19.141		-59.8		-133.5		0.02		0.02		0.02		3.69		0.254		58.5		
19.238		-54.6		-137.0		0.01		0.02		0.02		3.69		0.224		52.4		
19.336		-46.8		-141.8		0.01		0.02		0.02		3.69		0.184		43.8		
19.434		-36.9		-144.4		0.02		0.02		0.02		3.69		0.171		37.3		
19.531		-35.1		-151.4		0.01		0.02		0.02		3.69		0.118		29.0		
19.629		-23.8		-154.9		0.01		0.02		0.02		3.69		0.099		23.0		
19.727		-17.3		-158.0		0.02		0.02		0.02		3.69		0.070		13.9		
19.824		-11.3		-164.6		0.01		0.03		0.02		3.69		0.051		7.4		
19.922		-2.6		-164.6		0.02		0.02		0.02		3.69		0.004		2.2		
20.020		11.3		-166.3		0.02		0.02		0.02		0.02		0.654		147.8		
20.117		17.8		-170.7		0.02		0.02		0.02		0.02		0.677		149.5		
20.215		25.1		-174.2		0.02		0.02		0.02		0.02		0.645		146.0		
20.313		31.2		-175.5		0.02		0.02		0.02		0.02		0.626		143.4		
20.410		38.6		-179.9		0.02		0.02		0.02		0.02		0.618		137.8		
20.508		42.1		-184.2		0.02		0.02		0.02		0.02		0.603		134.8		
20.605		49.4		-183.8		0.02		0.02		0.02		0.02		0.580		133.5		
20.703		52.9		-186.4		0.02		0.02		0.02		0.02		0.556		129.6		
20.801		58.5		-186.9		0.02		0.02		0.01		0.01		0.539		122.2		
20.898		65.9		-187.7		0.02		0.02		0.02		0.02		0.535		119.6		
20.996		70.7		-191.2		0.02		0.02		0.02		0.02		0.506		117.4		
21.094		73.7		-189.5		0.02		0.02		0.02		0.02		0.493		112.2		
21.191		80.7		-192.6		0.02		0.02		0.02		0.02		0.491		107.9		
21.289		85.0		-189.9		0.02		0.02		0.02		0.02		0.459		105.7		
21.387		89.8		-193.0		0.02		0.02		0.02		0.02		0.455		102.7		
21.484		92.8		-192.6		0.02		0.02		0.02		0.02		0.436		98.4		
21.582		97.1		-191.2		0.02		0.02		0.02		0.02		0.412		91.4		
21.680		102.3		-194.3		0.02		0.02		0.02		0.02		0.402		89.7		
21.777		110.1		-194.7		0.02		0.02		0.02		0.02		0.366		86.2		
21.875		110.6		-197.8		0.02		0.02		0.01		0.02		0.355		82.8		
21.973		112.7		-194.7		0.02		0.02		0.02		0.02		0.345		78.0		
22.070		118.8		-194.3		0.02		0.02		0.02		0.02		0.336		76.3		
22.168		124.0		-196.9		0.02		0.02		0.02		0.02		0.309		70.6		
22.266		126.6		-192.6		0.02		0.02		0.02		0.02		0.292		65.9		
22.363		128.3		-194.7		0.02		0.02		0.02		0.02		0.275		63.3		
22.461		130.5		-190.8		0.02		0.02		0.02		0.02		0.250		55.0		
22.559		137.9		-188.6		0.02		0.02		0.02		0.02		0.233		49.4		
22.656		141.4		-187.3		0.02		0.02		0.01		0.02		0.192		43.3		
22.754		146.1		-185.1		0.02		0.02		0.02		0.01		0.165		36.4		
22.852		151.3		-181.2		0.02		0.02		0.02		0.02		0.121		29.0		
22.949		155.2		-182.1		0.02		0.02		0.01		0.02		0.095		20.8		
23.047		160.0		-174.6		0.02		0.02		0.02		0.02		0.076		14.3		
23.145		159.1		-172.9		0.02		0.02		0.01		0.02		0.042		8.2		
23.242		163.9		-167.6		0.02		0.02		0.02		0.02		0.004		3.0		
23.340		162.6		-154.0		3.68		0.02		0.01		0.02		0.635		142.6		
23.438		168.2		-156.7		3.69		0.02		0.01		0.02		0.671		152.1		
23.535		174.7		-151.0		3.69		0.02		0.01		0.02		0.639		148.6		
23.633		177.3		-145.7		3.68		0.02		0.01		0.02		0.632		144.7		
23.730		178.6		-144.0		3.68		0.02		0.01		0.02		0.613		139.5		
23.828		182.5		-138.3		3.68		0.02		0.01		0.02		0.580		136.5		
23.926		180.4		-136.1		3.69		0.02		0.01		0.02		0.588		130.0		
24.023		186.4		-133.0		3.69		0.02		0.01		0.02		0.558		128.7		
24.121		187.8		-126.9		3.68		0.02		0.01		0.02		0.550		124.4		
24.219		189.5		-123.4		3.68		0.02		0.01		0.02		0.529		117.0		
24.316		189.9		-118.6		3.68		0.02		0.01		0.02		0.499		117.0		
24.414		188.6		-116.4		3.68		0.02		0.01		0.02		0.491		110.1		
24.512		190.8		-109.0		3.68		0.02		0.01		0.02		0.463		108.3		
24.609		194.3		-107.7		3.68		0.02		0.01		0.02		0.467		104.4		
24.707		191.7		-102.0		3.69		0.02		0.01		0.02		0.446		95.8		
24.805		196.0		-99.3		3.69		0.02		0.01		0.02		0.432		97.9		
24.902		196.9		-94.1		3.68		0.02		0.01		0.02		0.415		91.4		
25.000		196.4		-91.0		3.68		0.02		0.01		0.02		0.404		90.6		
25.098		194.7		-89.7		3.68		0.02		0.01		0.02		0.374		84.5		
25.195		195.6		-84.5		3.68		0.02		0.01		0.02		0.347		81.9		
25.293		196.4		-80.1		3.69		0.02		0.01		0.02		0.347		75.8		
25.391		196.4		-77.5		3.68		0.02		0.01		0.02		0.326		73.2		
25.488		195.1		-73.1		3.68		0.02		0.01		0.02		0.317		70.6		
25.586		196.4		-70.9		3.68		0.02		0.01		0.02		0.288		68.9		
25.684		196.0		-63.0		3.68		0.02		0.01		0.02		0.279		63.3		
25.781		193.8		-56.5		3.69		0.03		0.02		0.02		0.247		57.6		
25.879		187.8		-52.1		3.68		0.02		0.01		0.02		0.224		49.4		
25.977		186.4		-44.6		3.68		0.02		0.01		0.02		0.188		39.4		
26.074		184.3		-40.3		3.69		0.02		0.02		0.02		0.159		38.6		
26.172		181.2		-33.3		3.69		0.03		0.02		0.02		0.135		29.0		
26.270		179.5		-25.4		3.69		0.03		0.02		0.02		0.106		26.4		
26.367		176.5		-18.8		3.69		0.03		0.01		0.02		0.078		17.8		
26.465		174.7		-10.1		3.69		0.03		0.01		0.02		0.038		10.8		
26.563		167.8		-5.7		3.69		0.03		0.02		0.02		0.021		3.0		
26.660		151.3		16.6		3.69		3.69		0.02		0.02		0.603		138.2		
26.758		157.0		15.3		3.69		3.69		0.01		0.02		0.647		151.7		
26.855		149.6		22.8		3.69		3.69		0.02		0.02		0.652		148.2		
26.953		149.2		30.6		3.69		3.69		0.01		0.02		0.628		142.1		
27.051		142.7		38.1		3.69		3.69		0.02		0.02		0.613		139.5		
27.148		139.6		42.5		3.69		3.69		0.02		0.02		0.590		134.8		
27.246		135.3		49.5		3.69		3.69		0.02		0.02		0.586		132.6		
27.344		131.8		55.1		3.69		3.69		0.01		0.02		0.561		130.4		
27.441		129.6		61.3		3.69		3.69		0.01		0.02		0.550		126.1		
27.539		125.7		63.5		3.69		3.69		0.02		0.02		0.529		121.3		
27.637		119.7		70.9		3.69		3.69		0.02		0.02		0.514		116.1		
27.734		117.9		74.0		3.69		3.69		0.01		0.02		0.520		114.4		
27.832		113.2		79.6		3.69		3.69		0.02		0.02		0.487		111.4		
27.930		110.1		84.5		3.69		3.69		0.02		0.02		0.467		107.5		
28.027		107.1		88.4		3.69		3.69		0.01		0.02		0.448		103.6		
28.125		104.9		92.8		3.69		3.69		0.02		0.01		0.425		97.5		
28.223		98.4		98.9		3.69		3.69		0.02		0.01		0.423		94.0		
28.320		95.4		101.5		3.68		3.69		0.01		0.01		0.412		91.4		
28.418		92.4		106.8		3.69		3.69		0.01		0.01		0.385		86.2		
28.516		86.7		110.7		3.69		3.69		0.01		0.01		0.381		84.5		
28.613		81.1		114.7		3.68		3.69		0.01		0.01		0.360		78.9		
28.711		78.0		120.8		3.69		3.69		0.01		0.02		0.349		79.3		
28.809		75.9		121.2		3.69		3.69		0.01		0.01		0.324		72.8		
28.906		72.0		125.2		3.68		3.69		0.01		0.01		0.326		71.1		
29.004		70.7		126.9		3.69		3.69		0.01		0.01		0.281		63.3		
29.102		61.1		131.3		3.69		3.69		0.01		0.01		0.269		60.2		
29.199		56.8		135.2		3.68		3.69		0.01		0.01		0.226		54.6		
29.297		49.4		140.0		3.69		3.69		0.01		0.02		0.209		46.4		
29.395		42.1		143.1		3.69		3.69		0.01		0.02		0.173		39.4		
29.492		34.7		146.6		3.68		3.69		0.01		0.01		0.142		32.5		
29.590		26.0		156.7		3.69		3.69		0.01		0.02		0.114		23.0		
29.688		18.2		159.3		3.69		3.69		0.01		0.01		0.091		17.8		
29.785		15.2		159.7		3.69		3.69		0.01		0.01		0.051		12.1		
29.883		4.3		164.6		3.69		3.69		0.01		0.01		0.023		3.9		
29.980		-23.0		144.9		0.02		3.69		3.68		0.01		0.522		117.4		
30.078		-14.7		166.7		0.02		3.69		3.68		0.01		0.654		147.8		
30.176		-22.1		170.2		0.02		3.69		3.68		0.02		0.637		146.9		
30.273		-28.6		175.5		0.02		3.69		3.68		0.02		0.624		143.4		
30.371		-35.6		175.9		0.02		3.69		3.68		0.01		0.611		139.5		
30.469		-42.1		178.6		0.02		3.69		3.68		0.01		0.603		135.2		
30.566		-47.7		181.2		0.02		3.69		3.68		0.01		0.563		133.5		
30.664		-52.5		182.5		0.02		3.69		3.68		0.01		0.565		127.4		
30.762		-56.8		186.0		0.02		3.69		3.68		0.02		0.552		124.4		
30.859		-63.3		190.4		0.02		3.69		3.68		0.01		0.531		119.6		
30.957		-68.1		188.6		0.02		3.69		3.68		0.01		0.514		115.7		
31.055		-75.0		189.5		0.02		3.69		3.68		0.01		0.501		112.7		
31.152		-77.2		188.6		0.02		3.69		3.68		0.02		0.478		110.9		
31.250		-84.1		191.7		0.02		3.69		3.68		0.01		0.484		107.0		
31.348		-88.5		193.9		0.02		3.69		3.68		0.01		0.440		101.8		
31.445		-92.4		193.4		0.02		3.69		3.68		0.02		0.436		98.4		
31.543		-95.8		194.7		0.02		3.69		3.69		0.01		0.410		93.6		
31.641		-102.3		193.9		0.02		3.69		3.68		0.02		0.396		95.8		
31.738		-104.9		196.1		0.02		3.69		3.68		0.01		0.385		87.5		
31.836		-109.3		196.1		0.02		3.69		3.68		0.01		0.372		83.2		
31.934		-113.2		193.4		0.02		3.69		3.68		0.01		0.343		78.4		
32.031		-115.3		194.7		0.02		3.69		3.68		0.01		0.345		73.7		
32.129		-122.7		196.1		0.02		3.69		3.68		0.01		0.313		71.1		
32.227		-127.0		192.1		0.02		3.69		3.68		0.01		0.300		68.0		
32.324		-130.1		193.4		0.02		3.69		3.68		0.01		0.271		65.9		
32.422		-134.0		189.9		0.02		3.69		3.69		0.02		0.250		59.8		
32.520		-137.9		190.8		0.02		3.69		3.68		0.01		0.222		50.3		
32.617		-139.6		185.1		0.02		3.69		3.68		0.01		0.195		46.8		
32.715		-145.7		183.8		0.02		3.69		3.68		0.01		0.165		39.9		
32.813		-150.9		181.6		0.02		3.69		3.68		0.01		0.148		31.6		
32.910		-154.4		181.2		0.02		3.69		3.68		0.02		0.108		25.6		
33.008		-157.4		172.0		0.02		3.69		3.68		0.02		0.091		19.9		
33.105		-159.6		168.9		0.02		3.69		3.68		0.01		0.047		13.0		
33.203		-161.7		168.5		0.02		3.69		3.68		0.02		0.013		6.5		
33.301		-120.1		72.6		0.02		0.03		3.68		3.69		0.336		71.5		
33.398		-169.5		154.9		0.02		0.02		3.69		3.69		0.656		150.8		
33.496		-170.8		151.4		0.02		0.02		3.68		3.69		0.654		148.2		
33.594		-177.3		147.9		0.01		0.02		3.68		3.69		0.626		140.0		
33.691		-176.5		142.2		0.02		0.02		3.68		3.69		0.607		139.5		
33.789		-181.7		138.3		0.01		0.03		3.68		3.69		0.590		136.1		
33.887		-184.7		135.7		0.01		0.03		3.68		3.69		0.575		129.6		
33.984		-185.6		131.3		0.01		0.03		3.68		3.69		0.558		130.0		
34.082		-187.8		129.1		0.02		0.03		3.69		3.69		0.546		126.1		
34.180		-188.2		124.7		0.02		0.03		3.68		3.69		0.537		120.9		
34.277		-188.6		120.8		0.02		0.02		3.68		3.69		0.503		117.0		
34.375		-191.2		116.0		0.01		0.03		3.68		3.69		0.482		114.0		
34.473		-191.7		112.9		0.02		0.02		3.68		3.69		0.482		110.5		
34.570		-188.6		106.8		0.02		0.02		3.68		3.69		0.472		108.8		
34.668		-194.7		105.0		0.02		0.03		3.68		3.69		0.442		101.0		
34.766		-193.0		101.5		0.02		0.03		3.68		3.69		0.436		97.1		
34.863		-194.3		94.5		0.02		0.02		3.68		3.69		0.417		95.3		
34.961		-194.3		93.2		0.02		0.02		3.68		3.69		0.400		91.4		
35.059		-194.3		89.3		0.02		0.02		3.68		3.69		0.377		88.8		
35.156		-197.3		87.5		0.02		0.02		3.68		3.69		0.360		82.3		
35.254		-194.7		83.2		0.02		0.02		3.68		3.69		0.349		76.7		
35.352		-196.4		80.5		0.01		0.02		3.68		3.69		0.322		74.1		
35.449		-195.6		71.8		0.01		0.02		3.68		3.69		0.324		74.5		
35.547		-195.1		70.9		0.02		0.03		3.68		3.69		0.307		67.2		
35.645		-190.4		63.5		0.01		0.02		3.68		3.69		0.275		62.0		
35.742		-193.0		59.5		0.02		0.03		3.68		3.69		0.247		59.4		
35.840		-193.8		55.1		0.01		0.03		3.68		3.69		0.235		52.9		
35.938		-188.6		46.8		0.01		0.02		3.68		3.69		0.197		46.4		
36.035		-183.8		38.9		0.02		0.03		3.68		3.69		0.180		37.7		
36.133		-182.5		33.3		0.02		0.02		3.68		3.69		0.133		30.8		
36.230		-179.5		26.7		0.01		0.02		3.68		3.69		0.129		27.7		
36.328		-179.9		21.4		0.02		0.02		3.68		3.69		0.097		19.9		
36.426		-176.5		13.1		0.01		0.03		3.68		3.69		0.057		12.1		
36.523		-173.9		6.6		0.02		0.02		3.68		3.69		0.025		7.4		
36.621		-85.4		-53.0		0.01		0.03		0.02		3.69		0.216		41.2		
36.719		-156.5		-13.6		0.02		0.02		0.02		3.69		0.654		149.9		
36.816		-152.2		-19.7		0.01		0.02		0.02		3.68		0.647		148.2		
36.914		-149.2		-30.2		0.01		0.02		0.02		3.69		0.632		147.3		
37.012		-143.5		-34.6		0.01		0.02		0.02		3.69		0.622		140.4		
37.109		-140.1		-40.7		0.01		0.02		0.02		3.68		0.601		135.6		
37.207		-136.6		-47.3		0.01		0.02		0.02		3.68		0.599		133.0		
37.305		-131.8		-51.2		0.01		0.02		0.02		3.68		0.569		130.0		
37.402		-128.8		-60.0		0.01		0.02		0.02		3.69		0.554		127.8		
37.500		-126.2		-63.0		0.01		0.02		0.01		3.69		0.542		120.0		
37.598		-118.4		-70.0		0.01		0.02		0.02		3.69		0.518		120.0		
37.695		-116.6		-74.8		0.01		0.02		0.02		3.69		0.508		116.1		
37.793		-114.0		-78.3		0.01		0.02		0.02		3.69		0.480		108.3		
37.891		-110.6		-83.6		0.01		0.02		0.02		3.69		0.474		105.3		
37.988		-108.4		-91.5		0.01		0.02		0.02		3.69		0.448		101.4		
38.086		-103.6		-92.3		0.02		0.02		0.02		3.69		0.429		98.8		
38.184		-101.5		-98.0		0.01		0.02		0.02		3.69		0.419		97.1		
38.281		-95.8		-103.7		0.01		0.02		0.02		3.69		0.410		91.4		
38.379		-88.5		-105.9		0.02		0.02		0.02		3.69		0.396		86.2		
38.477		-88.0		-110.7		0.01		0.02		0.02		3.69		0.370		84.1		
38.574		-83.3		-116.4		0.01		0.03		0.02		3.69		0.347		78.9		
38.672		-78.5		-116.8		0.01		0.03		0.02		3.69		0.353		75.0		
38.770		-79.8		-119.9		0.02		0.02		0.02		3.69		0.336		73.7		
38.867		-75.9		-120.8		0.02		0.02		0.02		3.69		0.315		71.5		
38.965		-68.5		-126.9		0.01		0.03		0.02		3.69		0.302		66.7		
39.063		-63.3		-126.5		0.02		0.02		0.02		3.69		0.279		62.8		
39.160		-60.3		-133.0		0.01		0.02		0.02		3.69		0.239		53.3		
39.258		-51.6		-140.5		0.01		0.02		0.02		3.69		0.214		49.4		
39.355		-44.7		-145.3		0.02		0.02		0.02		3.69		0.188		41.2		
39.453		-35.1		-149.7		0.01		0.02		0.02		3.69		0.144		35.5		
39.551		-30.4		-152.3		0.02		0.02		0.02		3.69		0.127		26.0		
39.648		-19.1		-158.0		0.01		0.02		0.02		3.69		0.085		20.4		
39.746		-14.7		-160.2		0.01		0.02		0.02		3.69		0.061		14.7		
39.844		-5.6		-162.4		0.01		0.02		0.02		3.69		0.034		4.8		
39.941		0.4		-168.9		0.02		0.03		0.02		0.03		-0.004		-1.7		
40.039		10.8		-167.2		0.02		0.02		0.02		0.02		0.668		150.4		
40.137		18.6		-172.0		0.02		0.02		0.02		0.02		0.660		150.4		
40.234		24.7		-175.9		0.02		0.02		0.02		0.01		0.635		145.2		
40.332		30.4		-177.2		0.02		0.02		0.02		0.02		0.635		140.8		
40.430		38.2		-181.2		0.02		0.02		0.02		0.02		0.590		135.2		
40.527		43.8		-179.4		0.02		0.02		0.01		0.02		0.586		131.7		
40.625		49.4		-183.8		0.02		0.02		0.02		0.02		0.565		127.0		
40.723		56.4		-185.1		0.02		0.02		0.02		0.02		0.556		123.9		
40.820		59.4		-184.2		0.02		0.02		0.02		0.02		0.554		121.8		
40.918		66.8		-184.7		0.02		0.02		0.02		0.02		0.529		120.0		
41.016		70.7		-187.7		0.02		0.02		0.02		0.02		0.497		113.1		
41.113		76.7		-192.1		0.02		0.02		0.02		0.02		0.489		110.9		
41.211		83.3		-189.9		0.02		0.02		0.01		0.02		0.484		107.5		
41.309		86.3		-191.2		0.02		0.02		0.02		0.02		0.459		107.5		
41.406		91.1		-193.0		0.02		0.02		0.02		0.02		0.453		99.2		
41.504		89.8		-189.5		0.02		0.02		0.02		0.02		0.421		95.3		
41.602		96.7		-195.2		0.02		0.02		0.02		0.02		0.400		91.0		
41.699		102.3		-196.9		0.02		0.02		0.02		0.02		0.404		88.8		
41.797		110.6		-197.4		0.02		0.02		0.02		0.02		0.383		84.9		
41.895		112.7		-199.6		0.02		0.02		0.02		0.02		0.351		79.7		
41.992		116.2		-193.4		0.02		0.02		0.02		0.02		0.326		75.4		
42.090		119.2		-196.5		0.02		0.02		0.01		0.02		0.322		71.9		
42.188		125.3		-195.2		0.02		0.02		0.02		0.01		0.300		68.5		
42.285		124.0		-192.6		0.02		0.02		0.01		0.02		0.298		64.6		
42.383		130.9		-194.7		0.02		0.02		0.02		0.02		0.264		58.1		
42.480		135.3		-192.1		0.02		0.02		0.02		0.02		0.245		53.7		
42.578		140.1		-188.2		0.02		0.02		0.02		0.02		0.216		44.6		
42.676		144.8		-185.6		0.02		0.02		0.02		0.02		0.190		39.9		
42.773		149.2		-184.7		0.02		0.02		0.02		0.02		0.144		33.8		
42.871		153.1		-182.9		0.02		0.02		0.02		0.02		0.125		26.0		
42.969		152.6		-178.6		0.02		0.02		0.02		0.02		0.095		19.9		
43.066		159.6		-173.3		0.02		0.02		0.02		0.02		0.066		11.7		
43.164		165.6		-173.3		0.02		0.02		0.02		0.02		0.030		7.4		
43.262		163.5		-163.7		0.02		0.02		0.03		0.02		0.002		0.9		
43.359		166.5		-155.4		3.68		0.02		0.01		0.02		0.662		149.5		
43.457		170.4		-153.2		3.68		0.02		0.01		0.02		0.662		150.4		
43.555		173.4		-150.1		3.68		0.02		0.01		0.02		0.639		144.7		
43.652		177.8		-142.7		3.68		0.02		0.01		0.02		0.618		143.0		
43.750		177.3		-130.0		3.68		0.02		0.01		0.02		0.601		134.3		
43.848		182.1		-139.2		3.68		0.02		0.01		0.02		0.590		134.3		
43.945		182.5		-133.5		3.68		0.02		0.01		0.02		0.577		128.3		
44.043		185.1		-130.4		3.68		0.02		0.01		0.02		0.565		126.5		
44.141		184.7		-124.3		3.68		0.02		0.01		0.02		0.539		121.8		
44.238		186.9		-121.7		3.68		0.02		0.01		0.02		0.520		117.0		
44.336		188.2		-115.1		3.68		0.02		0.01		0.02		0.499		112.2		
44.434		189.5		-113.8		3.68		0.02		0.01		0.02		0.480		109.6		
44.531		193.0		-109.8		3.69		0.02		0.01		0.02		0.465		103.6		
44.629		193.0		-106.3		3.69		0.02		0.01		0.02		0.446		104.0		
44.727		193.0		-103.3		3.68		0.02		0.01		0.02		0.440		100.1		
44.824		193.8		-101.5		3.68		0.02		0.01		0.02		0.421		96.6		
44.922		195.6		-95.0		3.68		0.02		0.01		0.02		0.402		91.0		
45.020		196.4		-90.2		3.68		0.02		0.01		0.02		0.391		85.4		
45.117		196.4		-84.5		3.69		0.02		0.01		0.02		0.370		84.1		
45.215		197.7		-84.9		3.68		0.02		0.01		0.02		0.353		78.0		
45.313		195.6		-77.0		3.69		0.02		0.01		0.02		0.338		76.7		
45.410		195.6		-74.8		3.69		0.02		0.01		0.02		0.322		71.5		
45.508		192.5		-70.0		3.69		0.02		0.01		0.02		0.305		66.3		
45.605		192.5		-66.1		3.69		0.02		0.02		0.02		0.292		63.7		
45.703		191.7		-58.6		3.69		0.02		0.01		0.02		0.264		58.9		
45.801		191.7		-56.0		3.68		0.02		0.01		0.02		0.241		54.6		
45.898		189.5		-49.9		3.69		0.02		0.02		0.02		0.220		48.1		
45.996		186.4		-42.0		3.69		0.03		0.01		0.02		0.180		39.4		
46.094		181.2		-37.2		3.69		0.02		0.01		0.02		0.157		34.7		
46.191		178.6		-29.3		3.68		0.03		0.02		0.02		0.127		29.5		
46.289		179.5		-22.3		3.68		0.03		0.01		0.02		0.089		19.9		
46.387		176.9		-17.9		3.69		0.03		0.01		0.02		0.070		14.3		
46.484		171.7		-7.0		3.68		0.03		0.01		0.02		0.040		8.2		
46.582		166.9		-1.8		3.69		0.03		0.01		0.02		-0.006		1.3		
46.680		156.1		10.5		3.69		3.69		0.01		0.01		0.668		151.2		
46.777		155.7		20.6		3.69		3.69		0.02		0.02		0.656		149.1		
46.875		151.8		26.3		3.69		3.69		0.01		0.01		0.645		146.0		
46.973		149.2		33.7		3.69		3.69		0.01		0.02		0.620		140.4		
47.070		139.6		38.1		3.69		3.69		0.01		0.02		0.609		137.4		
47.168		137.5		45.5		3.69		3.69		0.01		0.02		0.599		134.3		
47.266		133.6		51.6		3.69		3.69		0.02		0.02		0.563		131.3		
47.363		130.9		57.3		3.69		3.69		0.02		0.02		0.544		126.5		
47.461		126.6		60.0		3.69		3.70		0.02		0.02		0.539		125.2		
47.559		124.4		66.1		3.69		3.69		0.02		0.02		0.522		117.4		
47.656		119.7		71.8		3.69		3.69		0.02		0.02		0.512		116.6		
47.754		112.7		75.7		3.69		3.69		0.01		0.02		0.487		111.4		
47.852		108.8		80.1		3.69		3.69		0.02		0.01		0.474		111.4		
47.949		107.1		85.8		3.69		3.69		0.01		0.02		0.457		107.0		
48.047		104.5		91.9		3.69		3.69		0.02		0.02		0.442		101.4		
48.145		101.0		93.7		3.69		3.69		0.01		0.02		0.429		97.1		
48.242		97.1		100.2		3.69		3.69		0.01		0.01		0.402		91.9		
48.340		93.2		103.7		3.69		3.69		0.01		0.02		0.404		90.6		
48.438		90.2		108.1		3.69		3.69		0.01		0.01		0.387		86.2		
48.535		87.6		109.8		3.69		3.69		0.01		0.01		0.362		82.3		
48.633		82.4		114.7		3.69		3.69		0.01		0.01		0.351		78.4		
48.730		78.9		119.5		3.69		3.69		0.01		0.01		0.334		76.7		
48.828		74.1		120.4		3.69		3.69		0.01		0.01		0.328		71.1		
48.926		69.4		125.2		3.69		3.69		0.02		0.02		0.298		69.8		
49.023		67.2		127.8		3.69		3.69		0.01		0.01		0.273		64.1		
49.121		60.7		133.0		3.69		3.69		0.01		0.01		0.260		56.3		
49.219		53.8		135.7		3.69		3.69		0.02		0.02		0.218		52.0		
49.316		45.1		140.5		3.69		3.69		0.01		0.01		0.192		43.8		
49.414		37.7		144.9		3.68		3.69		0.01		0.01		0.159		37.7		
49.512		30.8		151.4		3.69		3.69		0.01		0.01		0.123		30.3		
49.609		23.8		153.2		3.69		3.69		0.01		0.01		0.097		23.8		
49.707		14.3		158.0		3.68		3.69		0.01		0.01		0.066		15.2		
49.805		8.2		163.2		3.69		3.69		0.01		0.02		0.032		9.5		
49.902		4.8		165.0		3.69		3.69		0.01		0.01		0.008		3.5		
