Oscilloscope Trace Export		
Festo Didactic LVDAC-EMS 3.19		
		
		
		Ch1		Ch2		Ch3		Ch4		Ch5		Ch6		Ch7		Ch8		
Time 		E1		E2		AI5		AI1		AI6		AI2		I3		E3		
(ms)		(V)		(V)		(V)		(V)		(V)		(V)		(A)		(V)		
0.000		3.0		-166.3		0.02		0.02		0.02		0.02		0.696		157.7		
0.098		11.3		-167.2		0.02		0.02		0.01		0.02		0.679		152.1		
0.195		19.5		-172.0		0.02		0.02		0.02		0.02		0.652		149.5		
0.293		25.1		-174.2		0.02		0.02		0.02		0.02		0.652		141.7		
0.391		32.5		-178.1		0.02		0.02		0.01		0.02		0.626		140.8		
0.488		40.8		-181.2		0.01		0.02		0.02		0.02		0.607		136.1		
0.586		45.5		-183.8		0.02		0.02		0.02		0.02		0.592		131.7		
0.684		49.4		-183.8		0.02		0.02		0.02		0.02		0.582		129.1		
0.781		56.8		-182.9		0.02		0.02		0.01		0.02		0.554		128.3		
0.879		65.0		-184.7		0.02		0.02		0.01		0.02		0.552		123.9		
0.977		68.5		-186.9		0.02		0.02		0.01		0.02		0.522		115.7		
1.074		72.0		-189.9		0.02		0.02		0.02		0.02		0.501		111.8		
1.172		90.6		-187.3		3.68		0.02		0.01		0.02		0.783		178.5		
1.270		75.9		-189.9		3.69		0.02		0.01		0.02		0.797		182.4		
1.367		82.4		-185.6		3.68		0.02		0.01		0.02		0.800		182.9		
1.465		83.7		-188.2		3.69		0.02		0.01		0.02		0.810		185.0		
1.563		91.5		-188.6		3.68		0.02		0.01		0.01		0.802		185.5		
1.660		93.7		-189.9		3.68		0.02		0.01		0.01		0.829		184.6		
1.758		97.1		-189.5		3.69		0.02		0.01		0.02		0.808		185.9		
1.855		104.1		-191.2		3.68		0.02		0.01		0.02		0.808		187.6		
1.953		106.2		-189.9		3.68		0.02		0.01		0.02		0.831		183.3		
2.051		113.6		-187.7		3.68		0.02		0.01		0.02		0.814		183.7		
2.148		114.0		-189.9		3.68		0.02		0.01		0.02		0.819		184.2		
2.246		118.8		-192.1		3.68		0.02		0.01		0.02		0.812		185.0		
2.344		122.7		-187.3		3.68		0.02		0.01		0.02		0.812		182.9		
2.441		124.9		-186.0		3.68		0.02		0.01		0.02		0.797		182.4		
2.539		132.7		-185.6		3.68		0.02		0.01		0.02		0.810		179.4		
2.637		140.1		-183.4		3.68		0.02		0.01		0.02		0.783		180.7		
2.734		138.8		-179.9		3.68		0.02		0.01		0.02		0.783		176.8		
2.832		147.4		-175.9		3.68		0.02		0.01		0.02		0.768		173.3		
2.930		150.9		-174.6		3.68		0.02		0.01		0.02		0.753		169.9		
3.027		152.6		-172.9		3.68		0.02		0.01		0.02		0.745		166.4		
3.125		157.8		-169.8		3.68		0.02		0.01		0.01		0.726		163.4		
3.223		161.3		-165.4		3.68		0.02		0.01		0.02		0.715		159.0		
3.320		162.2		-158.9		3.68		0.02		0.01		0.02		0.696		155.6		
3.418		167.4		-158.0		3.68		0.02		0.01		0.02		0.679		151.7		
3.516		170.0		-155.4		3.68		0.02		0.01		0.02		0.662		148.6		
3.613		174.3		-147.0		3.68		0.02		0.01		0.02		0.632		142.6		
3.711		175.2		-144.0		3.68		0.02		0.01		0.02		0.622		141.3		
3.809		177.8		-141.4		3.69		0.02		0.01		0.02		0.605		136.5		
3.906		181.7		-135.2		3.68		0.02		0.01		0.02		0.582		130.4		
4.004		183.4		-133.0		3.68		0.02		0.01		0.02		0.582		128.3		
4.102		188.6		-131.3		3.68		0.02		0.01		0.01		0.561		126.1		
4.199		187.3		-125.2		3.68		0.02		0.01		0.02		0.533		123.5		
4.297		188.6		-125.2		3.68		0.02		0.01		0.02		0.514		117.0		
4.395		189.5		-118.6		3.68		0.02		0.01		0.02		0.499		114.8		
4.492		185.6		-68.3		3.68		3.69		0.01		0.01		0.770		177.2		
4.590		184.7		-110.7		3.68		3.69		0.01		0.01		0.795		180.3		
4.688		188.6		-105.0		3.68		3.69		0.01		0.01		0.814		183.3		
4.785		188.6		-100.7		3.69		3.69		0.01		0.02		0.819		183.7		
4.883		188.2		-98.9		3.68		3.69		0.01		0.01		0.800		182.4		
4.980		188.6		-92.3		3.69		3.69		0.01		0.01		0.804		183.7		
5.078		191.2		-89.3		3.69		3.69		0.01		0.01		0.812		185.0		
5.176		190.4		-85.3		3.69		3.69		0.02		0.01		0.825		184.2		
5.273		187.8		-79.2		3.69		3.69		0.01		0.02		0.819		186.3		
5.371		189.9		-77.5		3.69		3.69		0.01		0.01		0.821		187.6		
5.469		187.3		-76.1		3.68		3.69		0.01		0.01		0.810		183.7		
5.566		188.2		-69.1		3.69		3.69		0.01		0.02		0.819		183.3		
5.664		190.8		-63.0		3.69		3.69		0.01		0.01		0.800		184.2		
5.762		187.3		-59.5		3.69		3.69		0.01		0.01		0.806		183.7		
5.859		183.8		-56.0		3.69		3.69		0.01		0.01		0.791		179.4		
5.957		183.4		-46.8		3.68		3.69		0.01		0.01		0.791		176.8		
6.055		180.8		-41.6		3.69		3.69		0.02		0.02		0.778		173.8		
6.152		179.5		-34.6		3.69		3.69		0.01		0.01		0.766		174.2		
6.250		172.1		-26.7		3.69		3.69		0.01		0.01		0.751		169.9		
6.348		173.0		-17.9		3.68		3.69		0.01		0.02		0.734		169.0		
6.445		171.7		-12.3		3.69		3.69		0.01		0.01		0.732		167.7		
6.543		166.1		-5.7		3.69		3.69		0.01		0.01		0.711		165.1		
6.641		163.5		2.2		3.69		3.69		0.02		0.01		0.707		158.6		
6.738		159.6		11.8		3.69		3.69		0.02		0.01		0.687		153.4		
6.836		152.6		17.9		3.69		3.69		0.01		0.01		0.671		151.2		
6.934		150.5		26.3		3.69		3.69		0.02		0.01		0.649		145.6		
7.031		145.3		32.4		3.69		3.69		0.01		0.01		0.613		141.7		
7.129		140.5		37.2		3.69		3.69		0.01		0.02		0.603		135.6		
7.227		137.5		45.1		3.69		3.69		0.01		0.02		0.586		130.9		
7.324		134.0		51.6		3.69		3.69		0.01		0.01		0.558		131.7		
7.422		129.6		55.1		3.69		3.69		0.01		0.02		0.567		126.1		
7.520		130.5		61.3		3.69		3.69		0.01		0.02		0.537		121.8		
7.617		124.9		70.0		3.69		3.69		0.01		0.02		0.525		120.0		
7.715		118.4		73.1		3.69		3.69		0.01		0.01		0.512		113.1		
7.813		99.3		108.1		0.02		3.69		3.68		0.02		0.740		164.7		
7.910		112.7		75.7		0.02		3.69		3.69		0.01		0.791		181.6		
8.008		105.8		78.3		0.02		3.69		3.69		0.02		0.795		181.1		
8.105		103.2		88.0		0.02		3.69		3.68		0.02		0.816		185.0		
8.203		99.3		90.2		0.02		3.69		3.68		0.01		0.821		186.8		
8.301		91.5		94.5		0.02		3.69		3.68		0.01		0.812		185.5		
8.398		92.4		97.6		0.02		3.69		3.68		0.01		0.827		184.6		
8.496		86.7		104.2		0.02		3.69		3.68		0.01		0.819		186.8		
8.594		84.1		108.5		0.02		3.69		3.68		0.02		0.842		187.6		
8.691		80.2		113.3		0.02		3.69		3.68		0.01		0.810		188.5		
8.789		75.4		112.9		0.02		3.69		3.68		0.02		0.825		188.5		
8.887		72.4		120.4		0.02		3.69		3.68		0.01		0.812		187.2		
8.984		67.2		120.8		0.02		3.69		3.68		0.02		0.819		185.0		
9.082		63.3		126.5		0.02		3.69		3.68		0.01		0.812		186.3		
9.180		57.2		132.6		0.02		3.69		3.68		0.02		0.812		181.6		
9.277		49.9		133.0		0.02		3.69		3.68		0.01		0.787		180.3		
9.375		43.8		139.6		0.02		3.69		3.68		0.01		0.776		177.2		
9.473		33.0		147.9		0.02		3.69		3.68		0.01		0.762		175.1		
9.570		28.6		148.4		0.02		3.69		3.68		0.01		0.753		174.2		
9.668		19.9		152.7		0.02		3.69		3.68		0.01		0.726		167.3		
9.766		11.3		158.0		0.02		3.69		3.68		0.01		0.738		168.6		
9.863		6.1		161.5		0.02		3.69		3.68		0.01		0.717		164.7		
9.961		-1.3		165.9		0.02		3.69		3.68		0.01		0.690		157.3		
10.059		-5.2		167.2		0.02		3.69		3.68		0.01		0.673		153.8		
10.156		-15.6		168.5		0.02		3.69		3.68		0.01		0.658		149.1		
10.254		-24.3		172.4		0.02		3.69		3.68		0.01		0.639		145.2		
10.352		-27.8		175.9		0.02		3.69		3.68		0.01		0.628		141.3		
10.449		-37.3		177.2		0.02		3.69		3.68		0.02		0.597		138.2		
10.547		-43.8		180.7		0.02		3.69		3.68		0.01		0.582		134.3		
10.645		-50.3		180.3		0.02		3.69		3.68		0.01		0.575		134.3		
10.742		-52.9		183.8		0.02		3.69		3.68		0.01		0.556		125.2		
10.840		-57.7		185.1		0.02		3.69		3.68		0.01		0.539		124.4		
10.938		-63.3		186.9		0.02		3.69		3.68		0.01		0.512		120.9		
11.035		-68.1		188.6		0.02		3.69		3.68		0.02		0.497		114.8		
11.133		-23.4		164.1		0.02		0.03		3.68		3.69		0.643		146.9		
11.230		-73.3		186.4		0.02		0.02		3.68		3.69		0.800		179.4		
11.328		-80.2		186.9		0.01		0.02		3.68		3.69		0.789		183.3		
11.426		-83.7		186.9		0.02		0.02		3.68		3.69		0.806		185.5		
11.523		-87.2		188.2		0.02		0.02		3.68		3.69		0.791		182.9		
11.621		-93.7		187.7		0.01		0.02		3.68		3.69		0.814		185.0		
11.719		-98.4		185.6		0.01		0.02		3.68		3.69		0.814		183.3		
11.816		-101.9		193.9		0.01		0.02		3.68		3.69		0.814		183.3		
11.914		-104.9		190.4		0.01		0.02		3.68		3.69		0.814		184.2		
12.012		-111.0		185.6		0.02		0.02		3.68		3.69		0.804		186.3		
12.109		-113.6		189.5		0.01		0.02		3.68		3.69		0.808		185.0		
12.207		-117.5		187.7		0.01		0.02		3.68		3.69		0.806		184.2		
12.305		-122.7		189.1		0.01		0.02		3.68		3.69		0.804		184.2		
12.402		-124.9		187.3		0.01		0.02		3.68		3.69		0.789		182.9		
12.500		-131.8		186.4		0.01		0.02		3.68		3.69		0.806		184.2		
12.598		-135.3		182.5		0.02		0.02		3.68		3.69		0.787		179.8		
12.695		-138.3		184.7		0.01		0.02		3.68		3.69		0.787		177.7		
12.793		-143.5		178.6		0.02		0.02		3.68		3.69		0.768		175.1		
12.891		-147.0		175.1		0.01		0.02		3.69		3.69		0.747		172.9		
12.988		-151.3		170.2		0.01		0.02		3.68		3.69		0.740		167.7		
13.086		-156.5		170.2		0.01		0.02		3.68		3.69		0.721		168.6		
13.184		-157.8		167.6		0.02		0.02		3.68		3.69		0.707		163.4		
13.281		-161.3		161.5		0.02		0.02		3.68		3.69		0.704		159.5		
13.379		-168.7		157.5		0.01		0.02		3.68		3.69		0.679		151.7		
13.477		-171.3		151.0		0.01		0.02		3.68		3.69		0.664		150.4		
13.574		-171.3		148.8		0.01		0.02		3.68		3.69		0.643		148.2		
13.672		-174.7		145.3		0.01		0.03		3.68		3.69		0.622		141.7		
13.770		-180.8		142.2		0.02		0.02		3.68		3.69		0.611		139.5		
13.867		-183.8		138.7		0.02		0.02		3.68		3.69		0.594		134.3		
13.965		-183.0		131.3		0.01		0.03		3.68		3.69		0.561		130.9		
14.063		-185.6		131.3		0.02		0.02		3.68		3.69		0.548		129.1		
14.160		-187.3		124.3		0.02		0.02		3.69		3.69		0.546		122.6		
14.258		-186.4		119.9		0.02		0.03		3.68		3.69		0.535		119.2		
14.355		-187.8		119.5		0.01		0.03		3.68		3.69		0.535		113.5		
14.453		-159.6		137.4		0.02		0.02		0.02		3.69		0.639		146.0		
14.551		-184.3		114.2		0.01		0.02		0.01		3.69		0.795		179.8		
14.648		-186.4		105.0		0.02		0.02		0.02		3.69		0.806		183.3		
14.746		-187.8		101.1		0.02		0.02		0.02		3.69		0.806		183.3		
14.844		-186.9		97.6		0.01		0.02		0.02		3.69		0.808		182.4		
14.941		-189.1		95.4		0.02		0.02		0.02		3.69		0.806		182.9		
15.039		-191.7		90.2		0.02		0.02		0.02		3.69		0.827		184.6		
15.137		-187.8		88.4		0.01		0.02		0.02		3.69		0.821		187.6		
15.234		-191.2		83.2		0.02		0.02		0.02		3.69		0.812		183.3		
15.332		-193.0		77.0		0.01		0.02		0.02		3.69		0.831		185.5		
15.430		-190.8		72.6		0.02		0.02		0.02		3.69		0.825		180.3		
15.527		-187.8		70.0		0.02		0.02		0.02		3.69		0.808		184.6		
15.625		-190.8		65.6		0.02		0.02		0.02		3.69		0.810		182.9		
15.723		-186.9		61.7		0.01		0.02		0.02		3.69		0.808		184.6		
15.820		-185.1		54.7		0.01		0.05		0.02		3.69		0.795		184.6		
15.918		-181.7		46.8		0.01		0.02		0.02		3.69		0.789		180.3		
16.016		-183.0		43.3		0.01		0.02		0.02		3.69		0.781		179.8		
16.113		-180.8		36.8		0.02		0.02		0.02		3.69		0.764		175.5		
16.211		-175.6		30.6		0.01		0.02		0.02		3.69		0.759		173.3		
16.309		-176.9		22.8		0.01		0.02		0.02		3.69		0.745		171.2		
16.406		-172.1		14.9		0.01		0.02		0.02		3.69		0.730		166.0		
16.504		-166.1		5.7		0.01		0.02		0.02		3.69		0.730		161.2		
16.602		-163.9		-0.4		0.01		0.02		0.02		3.69		0.713		159.5		
16.699		-162.2		-10.1		0.01		0.02		0.02		3.69		0.683		155.6		
16.797		-155.2		-14.4		0.02		0.02		0.02		3.69		0.679		152.5		
16.895		-152.6		-23.6		0.01		0.02		0.02		3.69		0.662		147.3		
16.992		-146.1		-30.6		0.01		0.02		0.02		3.69		0.637		143.9		
17.090		-144.0		-36.8		0.01		0.02		0.01		3.68		0.616		139.5		
17.188		-137.5		-41.1		0.01		0.02		0.02		3.69		0.592		133.0		
17.285		-137.0		-49.9		0.01		0.02		0.02		3.68		0.577		131.7		
17.383		-134.0		-57.3		0.01		0.02		0.02		3.69		0.571		127.4		
17.480		-128.3		-61.7		0.01		0.02		0.02		3.69		0.542		122.6		
17.578		-124.4		-64.3		0.01		0.02		0.02		3.69		0.529		119.6		
17.676		-119.7		-68.7		0.01		0.02		0.02		3.69		0.499		117.4		
17.773		-137.9		-19.3		0.02		0.02		0.02		0.02		0.632		140.8		
17.871		-108.0		-79.2		0.02		0.02		0.02		0.02		0.800		181.1		
17.969		-108.0		-80.5		0.02		0.02		0.02		0.02		0.812		182.4		
18.066		-105.4		-84.0		0.02		0.02		0.02		0.02		0.812		181.1		
18.164		-100.6		-89.3		0.02		0.02		0.02		0.02		0.812		186.8		
18.262		-97.6		-98.5		0.02		0.02		0.02		0.02		0.819		183.7		
18.359		-92.8		-100.2		0.02		0.02		0.02		0.02		0.816		185.9		
18.457		-91.1		-103.3		0.02		0.02		0.02		0.02		0.827		188.5		
18.555		-85.4		-107.7		0.02		0.02		0.02		0.02		0.823		186.3		
18.652		-81.5		-112.0		0.02		0.02		0.02		0.02		0.821		183.7		
18.750		-78.9		-114.7		0.02		0.02		0.02		0.02		0.827		186.8		
18.848		-75.9		-117.7		0.02		0.02		0.02		0.02		0.825		186.3		
18.945		-71.1		-118.2		0.02		0.02		0.02		0.02		0.823		184.6		
19.043		-65.9		-123.4		0.02		0.02		0.02		0.02		0.800		188.1		
19.141		-61.1		-130.4		0.02		0.02		0.02		0.02		0.808		185.5		
19.238		-52.0		-132.2		0.02		0.02		0.02		0.02		0.804		179.8		
19.336		-46.0		-140.9		0.02		0.02		0.02		0.02		0.781		176.8		
19.434		-37.3		-143.5		0.02		0.02		0.02		0.02		0.776		174.6		
19.531		-29.5		-150.1		0.02		0.02		0.02		0.02		0.755		174.2		
19.629		-22.1		-151.0		0.02		0.02		0.02		0.02		0.753		169.9		
19.727		-15.2		-153.6		0.02		0.02		0.01		0.02		0.736		167.3		
19.824		-7.8		-157.5		0.02		0.02		0.02		0.02		0.723		162.5		
19.922		-1.3		-161.1		0.02		0.02		0.02		0.02		0.707		160.8		
20.020		6.1		-166.7		0.02		0.02		0.02		0.02		0.671		155.1		
20.117		12.1		-169.4		0.02		0.02		0.02		0.02		0.666		149.5		
20.215		23.8		-172.0		0.02		0.02		0.02		0.02		0.662		146.5		
20.313		28.6		-173.7		0.02		0.02		0.02		0.02		0.630		146.0		
20.410		35.1		-176.8		0.02		0.02		0.01		0.02		0.616		136.1		
20.508		41.2		-180.3		0.02		0.02		0.02		0.02		0.601		133.5		
20.605		46.8		-184.2		0.02		0.02		0.02		0.02		0.573		131.7		
20.703		52.5		-182.5		0.02		0.02		0.02		0.02		0.567		127.4		
20.801		60.3		-185.1		0.02		0.02		0.01		0.01		0.550		124.4		
20.898		61.6		-187.3		0.02		0.02		0.02		0.02		0.535		120.0		
20.996		70.7		-186.9		0.02		0.02		0.02		0.02		0.525		117.0		
21.094		31.7		-138.3		3.68		0.02		0.01		0.02		0.554		124.8		
21.191		72.0		-184.2		3.69		0.02		0.01		0.02		0.795		178.5		
21.289		80.2		-186.9		3.68		0.02		0.01		0.02		0.808		179.4		
21.387		80.7		-188.6		3.68		0.02		0.01		0.02		0.804		182.4		
21.484		87.2		-189.1		3.69		0.02		0.01		0.02		0.819		184.2		
21.582		94.1		-186.9		3.68		0.02		0.01		0.02		0.806		185.5		
21.680		97.1		-187.7		3.68		0.02		0.01		0.02		0.827		182.9		
21.777		100.2		-187.3		3.68		0.02		0.01		0.02		0.808		183.3		
21.875		108.4		-190.8		3.68		0.02		0.01		0.02		0.806		183.3		
21.973		108.8		-193.4		3.68		0.02		0.01		0.02		0.812		185.5		
22.070		111.0		-189.5		3.68		0.02		0.01		0.02		0.829		184.6		
22.168		115.8		-188.6		3.68		0.02		0.01		0.02		0.812		184.6		
22.266		121.8		-191.2		3.69		0.02		0.01		0.02		0.808		184.2		
22.363		122.7		-184.7		3.68		0.02		0.01		0.02		0.819		182.4		
22.461		128.8		-184.7		3.68		0.02		0.01		0.02		0.800		182.0		
22.559		135.7		-184.7		3.68		0.02		0.01		0.02		0.802		181.6		
22.656		140.5		-181.2		3.68		0.02		0.01		0.02		0.776		178.1		
22.754		143.5		-180.7		3.68		0.02		0.01		0.02		0.768		175.1		
22.852		145.3		-178.1		3.68		0.02		0.01		0.02		0.755		173.8		
22.949		148.7		-172.9		3.68		0.02		0.01		0.02		0.745		171.6		
23.047		156.5		-169.4		3.68		0.02		0.01		0.02		0.734		164.7		
23.145		160.9		-166.3		3.68		0.02		0.01		0.01		0.719		164.2		
23.242		162.6		-163.2		3.68		0.02		0.01		0.02		0.702		159.0		
23.340		165.2		-160.2		3.68		0.02		0.01		0.02		0.696		156.4		
23.438		169.5		-157.1		3.69		0.02		0.01		0.02		0.681		153.4		
23.535		173.4		-150.5		3.68		0.02		0.01		0.02		0.647		145.6		
23.633		176.0		-144.4		3.68		0.02		0.01		0.02		0.618		140.8		
23.730		178.2		-143.5		3.68		0.02		0.01		0.02		0.618		137.8		
23.828		182.5		-139.6		3.68		0.02		0.01		0.02		0.603		133.5		
23.926		182.5		-136.5		3.68		0.02		0.01		0.02		0.590		133.5		
24.023		185.6		-134.4		3.68		0.02		0.01		0.02		0.561		125.2		
24.121		186.0		-130.9		3.69		0.02		0.01		0.02		0.556		125.2		
24.219		187.8		-123.0		3.68		0.02		0.01		0.02		0.537		122.6		
24.316		189.9		-120.8		3.68		0.02		0.01		0.02		0.520		118.7		
24.414		189.9		-116.0		3.69		3.69		0.01		0.01		0.495		112.2		
24.512		187.3		-98.0		3.68		3.69		0.01		0.01		0.797		179.4		
24.609		185.6		-109.8		3.68		3.69		0.01		0.02		0.800		177.7		
24.707		188.2		-104.6		3.69		3.69		0.01		0.01		0.810		180.7		
24.805		189.9		-98.5		3.69		3.69		0.01		0.01		0.812		185.5		
24.902		188.2		-98.5		3.69		3.69		0.01		0.01		0.808		181.6		
25.000		188.6		-94.5		3.69		3.69		0.01		0.01		0.810		184.6		
25.098		188.6		-88.0		3.69		3.69		0.01		0.01		0.806		185.5		
25.195		187.3		-85.8		3.69		3.69		0.01		0.01		0.810		185.5		
25.293		189.9		-80.1		3.69		3.69		0.01		0.01		0.816		185.5		
25.391		187.8		-77.5		3.68		3.69		0.01		0.01		0.816		184.6		
25.488		187.3		-75.7		3.69		3.69		0.01		0.01		0.812		184.2		
25.586		191.7		-66.1		3.69		3.69		0.01		0.01		0.810		182.9		
25.684		188.2		-63.9		3.68		3.69		0.01		0.01		0.804		184.6		
25.781		187.8		-58.2		3.69		3.69		0.01		0.01		0.795		178.5		
25.879		185.6		-51.2		3.69		3.69		0.01		0.01		0.789		180.7		
25.977		185.1		-48.1		3.69		3.69		0.01		0.02		0.789		176.4		
26.074		181.7		-37.2		3.69		3.69		0.01		0.02		0.774		175.9		
26.172		176.5		-31.5		3.69		3.69		0.01		0.01		0.768		172.0		
26.270		176.0		-26.7		3.69		3.69		0.01		0.01		0.751		169.0		
26.367		176.0		-19.3		3.69		3.69		0.01		0.02		0.736		168.1		
26.465		166.9		-10.1		3.69		3.69		0.01		0.01		0.719		163.4		
26.563		165.6		-5.7		3.68		3.69		0.01		0.01		0.713		159.5		
26.660		157.4		4.8		3.69		3.69		0.01		0.02		0.690		156.0		
26.758		158.7		13.6		3.69		3.69		0.01		0.02		0.677		153.4		
26.855		153.1		20.1		3.69		3.69		0.01		0.02		0.668		150.8		
26.953		149.6		28.0		3.69		3.69		0.02		0.01		0.643		144.7		
27.051		144.4		33.3		3.69		3.69		0.02		0.02		0.613		139.5		
27.148		140.5		38.1		3.69		3.69		0.02		0.01		0.603		137.4		
27.246		140.5		45.1		3.69		3.69		0.02		0.02		0.582		133.0		
27.344		133.6		51.6		3.69		3.69		0.01		0.01		0.567		130.9		
27.441		131.8		59.5		3.69		3.69		0.02		0.02		0.554		124.8		
27.539		124.0		63.0		3.69		3.69		0.02		0.02		0.556		124.4		
27.637		119.2		69.1		3.69		3.69		0.01		0.02		0.520		116.6		
27.734		117.5		73.1		0.99		3.69		3.62		0.01		0.499		115.3		
27.832		103.2		74.4		0.02		3.69		3.68		0.02		0.791		181.6		
27.930		110.1		77.5		0.02		3.69		3.68		0.02		0.814		182.9		
28.027		106.7		82.3		0.02		3.69		3.69		0.01		0.816		183.7		
28.125		103.6		84.9		0.02		3.69		3.68		0.02		0.819		183.7		
28.223		96.3		91.0		0.02		3.69		3.68		0.01		0.816		183.7		
28.320		93.2		95.4		0.02		3.69		3.69		0.01		0.825		185.5		
28.418		90.2		101.5		0.02		3.69		3.68		0.01		0.819		183.3		
28.516		87.2		104.2		0.02		3.69		3.68		0.01		0.829		187.6		
28.613		82.0		110.3		0.02		3.69		3.68		0.01		0.823		188.1		
28.711		77.2		117.7		0.02		3.69		3.68		0.01		0.816		187.2		
28.809		73.7		116.4		0.02		3.69		3.68		0.02		0.827		186.3		
28.906		72.0		118.2		0.02		3.69		3.68		0.01		0.808		182.0		
29.004		68.1		119.0		0.02		3.69		3.68		0.01		0.812		185.9		
29.102		62.4		126.5		0.02		3.69		3.68		0.02		0.814		182.4		
29.199		53.3		131.7		0.02		3.69		3.68		0.01		0.785		183.3		
29.297		46.0		139.2		0.02		3.69		3.68		0.01		0.789		180.7		
29.395		41.2		140.9		0.02		3.69		3.68		0.01		0.781		177.2		
29.492		34.7		147.0		0.02		3.69		3.68		0.01		0.762		175.1		
29.590		23.4		147.9		0.02		3.69		3.68		0.02		0.749		172.0		
29.688		17.8		153.6		0.02		3.69		3.68		0.01		0.740		168.6		
29.785		14.7		157.5		0.02		3.69		3.68		0.02		0.715		161.6		
29.883		5.6		160.6		0.02		3.69		3.68		0.01		0.713		160.8		
29.980		-5.6		164.6		0.02		3.69		3.68		0.01		0.683		155.1		
30.078		-11.3		168.5		0.02		3.69		3.68		0.02		0.687		151.7		
30.176		-17.3		172.9		0.02		3.69		3.68		0.01		0.649		148.2		
30.273		-26.0		170.7		0.02		3.69		3.68		0.01		0.639		146.0		
30.371		-34.7		175.1		0.02		3.69		3.68		0.01		0.616		140.4		
30.469		-39.9		180.7		0.02		3.69		3.68		0.01		0.590		139.5		
30.566		-48.6		180.3		0.02		3.69		3.68		0.02		0.588		133.5		
30.664		-49.0		182.1		0.02		3.69		3.68		0.01		0.573		131.7		
30.762		-56.4		185.1		0.02		3.69		3.68		0.01		0.554		123.9		
30.859		-62.9		188.6		0.02		3.69		3.68		0.01		0.520		122.6		
30.957		-64.2		189.1		0.02		3.69		3.68		0.01		0.514		116.6		
31.055		-72.4		193.4		0.02		3.69		3.68		0.01		0.499		116.6		
31.152		-51.2		186.4		0.01		0.02		3.68		3.69		0.774		179.4		
31.250		-80.2		184.7		0.01		0.02		3.68		3.69		0.800		180.7		
31.348		-82.4		189.9		0.01		0.02		3.68		3.69		0.808		182.9		
31.445		-86.7		186.4		0.01		0.02		3.68		3.69		0.814		182.0		
31.543		-88.9		186.0		0.02		0.02		3.68		3.69		0.812		185.0		
31.641		-93.2		190.8		0.01		0.03		3.68		3.69		0.806		185.0		
31.738		-97.6		189.9		0.01		0.02		3.68		3.69		0.825		185.9		
31.836		-101.9		186.9		0.01		0.02		3.68		3.69		0.808		184.6		
31.934		-109.3		188.6		0.01		0.02		3.68		3.69		0.821		185.5		
32.031		-114.0		186.4		0.01		0.02		3.68		3.69		0.823		185.9		
32.129		-117.1		192.1		0.01		0.02		3.68		3.69		0.812		186.3		
32.227		-119.2		186.4		0.01		0.02		3.68		3.69		0.806		185.0		
32.324		-119.2		186.9		0.02		0.02		3.68		3.69		0.808		185.9		
32.422		-129.6		185.6		0.01		0.02		3.68		3.69		0.808		183.7		
32.520		-134.9		184.7		0.02		0.02		3.68		3.69		0.795		179.8		
32.617		-136.2		184.2		0.01		0.02		3.68		3.69		0.785		176.8		
32.715		-143.1		179.9		0.01		0.02		3.68		3.69		0.785		179.0		
32.813		-146.1		178.6		0.02		0.02		3.68		3.69		0.783		172.9		
32.910		-149.6		175.5		0.02		0.02		3.68		3.69		0.759		171.6		
33.008		-152.2		172.9		0.02		0.02		3.68		3.69		0.747		166.4		
33.105		-157.4		167.2		0.02		0.02		3.68		3.68		0.723		165.5		
33.203		-161.7		165.0		0.02		0.02		3.68		3.69		0.707		160.8		
33.301		-165.2		158.0		0.01		0.02		3.68		3.69		0.696		156.0		
33.398		-166.9		158.0		0.01		0.02		3.68		3.69		0.662		153.4		
33.496		-170.8		151.4		0.02		0.02		3.68		3.69		0.652		151.7		
33.594		-174.3		150.5		0.01		0.02		3.68		3.69		0.643		145.2		
33.691		-177.8		144.0		0.02		0.02		3.68		3.69		0.618		139.1		
33.789		-178.2		142.7		0.01		0.02		3.68		3.69		0.618		136.5		
33.887		-181.7		134.4		0.01		0.02		3.68		3.69		0.584		133.5		
33.984		-184.7		133.5		0.02		0.03		3.68		3.69		0.582		129.6		
34.082		-186.4		129.1		0.02		0.02		3.68		3.69		0.544		124.8		
34.180		-186.4		125.2		0.02		0.03		3.69		3.69		0.542		121.8		
34.277		-189.1		122.5		0.02		0.02		3.68		3.69		0.522		117.9		
34.375		-189.1		117.7		0.01		0.02		3.68		3.69		0.495		115.7		
34.473		-186.9		144.0		0.01		0.02		0.02		3.69		0.772		174.2		
34.570		-188.6		108.5		0.02		0.02		0.02		3.69		0.791		179.4		
34.668		-189.1		103.7		0.01		0.02		0.02		3.69		0.802		181.6		
34.766		-190.8		99.3		0.01		0.02		0.02		3.69		0.804		185.0		
34.863		-189.1		99.3		0.02		0.02		0.02		3.69		0.814		182.9		
34.961		-188.6		94.1		0.02		0.02		0.02		3.69		0.804		183.7		
35.059		-192.5		89.7		0.02		0.02		0.02		3.69		0.810		184.6		
35.156		-192.5		87.1		0.02		0.02		0.02		3.69		0.814		185.0		
35.254		-190.4		82.3		0.01		0.02		0.02		3.69		0.808		185.5		
35.352		-188.2		77.5		0.02		0.02		0.02		3.69		0.810		184.6		
35.449		-187.8		73.1		0.02		0.03		0.02		3.69		0.808		182.4		
35.547		-189.9		70.5		0.02		0.02		0.02		3.69		0.802		184.2		
35.645		-186.9		67.0		0.01		0.03		0.02		3.69		0.812		182.9		
35.742		-190.4		60.4		0.01		0.02		0.02		3.69		0.814		183.7		
35.840		-186.4		53.8		0.01		0.02		0.02		3.69		0.791		179.8		
35.938		-183.4		49.5		0.01		0.02		0.02		3.69		0.787		179.4		
36.035		-181.7		39.4		0.02		0.02		0.02		3.69		0.762		175.5		
36.133		-179.5		31.9		0.01		0.02		0.02		3.69		0.764		173.8		
36.230		-176.0		24.5		0.01		0.02		0.02		3.68		0.757		174.2		
36.328		-174.3		21.4		0.02		0.02		0.02		3.69		0.747		169.4		
36.426		-173.0		11.8		0.02		0.02		0.02		3.69		0.736		169.9		
36.523		-165.6		5.3		0.01		0.02		0.02		3.69		0.717		166.0		
36.621		-160.9		-2.2		0.01		0.02		0.02		3.69		0.709		156.9		
36.719		-161.7		-12.3		0.01		0.02		0.02		3.69		0.685		155.6		
36.816		-154.4		-17.1		0.01		0.02		0.02		3.69		0.671		152.1		
36.914		-150.0		-24.1		0.01		0.02		0.02		3.69		0.647		146.0		
37.012		-145.3		-30.6		0.01		0.02		0.01		3.69		0.618		142.6		
37.109		-141.8		-38.1		0.01		0.02		0.01		3.69		0.594		138.7		
37.207		-140.9		-44.6		0.01		0.02		0.02		3.68		0.592		134.8		
37.305		-137.0		-49.5		0.01		0.02		0.02		3.69		0.573		127.8		
37.402		-125.7		-57.3		0.01		0.02		0.02		3.69		0.556		126.5		
37.500		-128.3		-59.5		0.01		0.02		0.02		3.69		0.544		120.0		
37.598		-120.5		-64.8		0.01		0.02		0.02		3.69		0.531		118.3		
37.695		-115.8		-69.1		0.01		0.02		0.01		3.69		0.508		113.5		
37.793		-55.5		-125.6		0.02		0.02		0.02		0.02		0.778		173.3		
37.891		-111.4		-77.0		0.02		0.02		0.02		0.02		0.804		182.4		
37.988		-107.5		-82.7		0.02		0.02		0.02		0.02		0.802		185.0		
38.086		-103.6		-87.5		0.02		0.02		0.02		0.02		0.814		182.9		
38.184		-98.4		-92.8		0.02		0.02		0.02		0.02		0.804		187.2		
38.281		-95.8		-97.6		0.02		0.02		0.02		0.02		0.821		184.2		
38.379		-91.1		-98.9		0.02		0.02		0.02		0.02		0.816		188.5		
38.477		-85.9		-104.2		0.02		0.02		0.02		0.02		0.821		186.3		
38.574		-83.7		-107.7		0.02		0.02		0.02		0.02		0.823		187.6		
38.672		-79.3		-113.3		0.02		0.02		0.02		0.02		0.810		187.6		
38.770		-78.9		-116.8		0.02		0.03		0.02		0.02		0.810		186.8		
38.867		-72.0		-117.3		0.02		0.02		0.02		0.02		0.831		186.8		
38.965		-67.6		-121.2		0.02		0.02		0.02		0.02		0.814		186.8		
39.063		-62.4		-127.8		0.02		0.02		0.02		0.02		0.816		182.9		
39.160		-60.7		-126.9		0.02		0.02		0.02		0.02		0.808		183.3		
39.258		-49.4		-135.2		0.02		0.02		0.02		0.02		0.793		180.7		
39.355		-41.2		-141.8		0.02		0.02		0.02		0.02		0.783		178.5		
39.453		-36.4		-146.6		0.02		0.02		0.02		0.02		0.770		174.2		
39.551		-28.2		-148.4		0.02		0.02		0.02		0.02		0.755		171.2		
39.648		-22.1		-152.7		0.02		0.02		0.02		0.02		0.745		168.6		
39.746		-13.0		-155.8		0.02		0.02		0.02		0.02		0.732		168.1		
39.844		-8.2		-158.9		0.02		0.02		0.02		0.02		0.715		163.8		
39.941		1.7		-165.4		0.02		0.02		0.02		0.02		0.685		157.7		
40.039		8.2		-165.4		0.02		0.02		0.02		0.02		0.683		153.4		
40.137		14.7		-171.6		0.02		0.02		0.02		0.02		0.656		152.1		
40.234		23.0		-175.9		0.02		0.02		0.02		0.02		0.639		148.2		
40.332		31.2		-177.2		0.02		0.02		0.02		0.02		0.622		141.3		
40.430		35.6		-176.8		0.02		0.02		0.02		0.02		0.609		140.0		
40.527		43.8		-181.6		0.02		0.02		0.02		0.01		0.586		133.9		
40.625		51.6		-182.5		0.02		0.02		0.01		0.02		0.582		129.1		
40.723		55.9		-185.6		0.02		0.02		0.02		0.02		0.554		128.7		
40.820		57.7		-185.6		0.02		0.02		0.02		0.02		0.548		122.6		
40.918		66.3		-185.1		0.02		0.02		0.02		0.02		0.542		119.2		
41.016		68.5		-186.4		0.02		0.02		0.01		0.02		0.512		117.9		
41.113		21.2		-161.1		3.69		0.02		0.01		0.02		0.662		149.1		
41.211		73.3		-186.0		3.68		0.02		0.01		0.01		0.810		179.8		
41.309		79.3		-188.2		3.69		0.02		0.01		0.02		0.806		182.0		
41.406		83.7		-189.5		3.68		0.02		0.01		0.02		0.808		183.7		
41.504		87.6		-189.1		3.68		0.02		0.01		0.02		0.808		184.6		
41.602		93.2		-188.6		3.68		0.02		0.01		0.02		0.814		183.7		
41.699		97.1		-191.7		3.68		0.02		0.01		0.02		0.812		184.2		
41.797		104.1		-189.1		3.68		0.02		0.01		0.02		0.823		186.3		
41.895		108.4		-192.1		3.68		0.02		0.01		0.02		0.829		183.7		
41.992		110.6		-190.8		3.68		0.02		0.01		0.02		0.808		185.0		
42.090		113.2		-190.4		3.68		0.02		0.01		0.02		0.806		184.6		
42.188		120.1		-188.2		3.68		0.02		0.01		0.02		0.810		182.9		
42.285		122.3		-187.3		3.68		0.02		0.01		0.02		0.806		179.8		
42.383		124.0		-189.1		3.68		0.02		0.01		0.02		0.802		179.8		
42.480		128.8		-183.4		3.69		0.02		0.01		0.02		0.795		180.7		
42.578		134.9		-183.8		3.68		0.02		0.01		0.02		0.795		177.7		
42.676		140.1		-181.6		3.68		0.02		0.01		0.02		0.789		177.2		
42.773		141.8		-179.0		3.68		0.02		0.01		0.02		0.770		174.6		
42.871		149.6		-174.2		3.69		0.02		0.01		0.02		0.749		172.5		
42.969		156.1		-174.2		3.69		0.02		0.01		0.02		0.738		170.3		
43.066		155.7		-168.9		3.68		0.02		0.01		0.02		0.742		168.1		
43.164		157.4		-165.4		3.68		0.02		0.01		0.02		0.709		160.8		
43.262		161.7		-162.8		3.68		0.02		0.01		0.02		0.696		155.6		
43.359		169.1		-157.5		3.68		0.02		0.01		0.02		0.683		153.0		
43.457		170.8		-156.7		3.68		0.02		0.01		0.02		0.662		149.9		
43.555		174.3		-147.5		3.68		0.02		0.01		0.01		0.649		149.1		
43.652		175.6		-146.6		3.68		0.02		0.01		0.02		0.622		138.7		
43.750		180.8		-143.1		3.68		0.02		0.01		0.02		0.603		136.9		
43.848		181.2		-136.5		3.68		0.02		0.01		0.02		0.605		134.3		
43.945		184.7		-133.0		3.69		0.02		0.01		0.02		0.567		131.3		
44.043		184.7		-130.0		3.69		0.02		0.01		0.02		0.571		126.1		
44.141		185.1		-127.8		3.68		0.02		0.01		0.02		0.537		122.2		
44.238		188.6		-123.0		3.68		0.02		0.01		0.02		0.529		120.0		
44.336		187.3		-116.8		3.68		0.02		0.01		0.02		0.518		115.3		
44.434		157.8		-137.0		3.68		3.69		0.01		0.01		0.628		141.7		
44.531		187.8		-108.5		3.68		3.69		0.01		0.01		0.793		179.4		
44.629		186.4		-106.3		3.69		3.69		0.01		0.01		0.810		179.4		
44.727		185.6		-102.4		3.68		3.69		0.01		0.01		0.800		184.6		
44.824		185.6		-97.6		3.68		3.69		0.01		0.01		0.806		183.3		
44.922		189.1		-95.8		3.69		3.69		0.01		0.01		0.823		184.2		
45.020		189.5		-91.0		3.68		3.69		0.01		0.01		0.810		184.6		
45.117		189.5		-90.2		3.69		3.69		0.01		0.01		0.821		184.6		
45.215		188.6		-84.9		3.69		3.69		0.01		0.01		0.816		184.2		
45.313		190.8		-81.8		3.69		3.69		0.01		0.01		0.819		183.3		
45.410		189.1		-73.5		3.68		3.69		0.01		0.01		0.808		185.0		
45.508		189.9		-72.2		3.69		3.69		0.01		0.01		0.814		185.5		
45.605		191.2		-70.0		3.69		3.69		0.01		0.02		0.816		183.3		
45.703		189.1		-60.0		3.69		3.69		0.01		0.01		0.804		183.7		
45.801		186.9		-55.1		3.69		3.69		0.01		0.02		0.802		180.3		
45.898		181.7		-50.3		3.69		3.69		0.01		0.01		0.795		180.3		
45.996		182.5		-44.2		3.69		3.69		0.01		0.01		0.781		176.8		
46.094		178.6		-33.7		3.69		3.69		0.01		0.01		0.764		174.2		
46.191		179.1		-31.1		3.69		3.69		0.01		0.02		0.772		173.8		
46.289		175.2		-21.9		3.69		3.69		0.01		0.01		0.745		169.4		
46.387		172.1		-16.6		3.69		3.69		0.01		0.02		0.747		168.6		
46.484		170.4		-8.8		3.69		3.69		0.01		0.01		0.719		162.9		
46.582		163.0		2.6		3.69		3.69		0.01		0.02		0.690		160.3		
46.680		161.3		6.1		3.69		3.69		0.02		0.02		0.685		155.6		
46.777		156.1		15.8		3.69		3.69		0.01		0.02		0.664		152.1		
46.875		152.2		21.9		3.69		3.69		0.02		0.02		0.666		145.2		
46.973		149.2		30.6		3.69		3.69		0.01		0.01		0.637		144.7		
47.070		141.4		36.3		3.69		3.69		0.01		0.01		0.613		137.8		
47.168		137.5		40.7		3.69		3.69		0.02		0.02		0.592		136.5		
47.266		134.9		51.2		3.69		3.69		0.01		0.02		0.590		131.3		
47.363		130.1		53.8		3.69		3.69		0.02		0.02		0.565		128.3		
47.461		127.0		56.5		3.69		3.69		0.02		0.02		0.546		122.6		
47.559		123.6		63.0		3.69		3.69		0.01		0.01		0.531		119.6		
47.656		122.3		69.1		3.69		3.69		0.02		0.02		0.520		114.0		
47.754		119.7		30.2		0.02		3.69		3.69		0.02		0.552		123.1		
47.852		115.8		67.4		0.02		3.69		3.69		0.01		0.804		180.7		
47.949		106.7		81.0		0.02		3.69		3.68		0.01		0.816		182.9		
48.047		102.8		82.7		0.02		3.69		3.68		0.01		0.810		185.0		
48.145		98.4		92.3		0.02		3.69		3.68		0.02		0.821		185.0		
48.242		97.1		94.1		0.02		3.69		3.68		0.01		0.814		187.2		
48.340		92.8		96.7		0.02		3.69		3.68		0.01		0.838		186.8		
48.438		89.8		103.7		0.02		3.69		3.68		0.01		0.825		185.5		
48.535		84.1		108.5		0.02		3.69		3.68		0.02		0.833		185.5		
48.633		79.3		111.2		0.02		3.69		3.68		0.01		0.831		188.1		
48.730		79.3		112.9		0.02		3.69		3.68		0.01		0.833		185.9		
48.828		75.4		118.6		0.02		3.69		3.68		0.01		0.827		187.2		
48.926		68.5		118.6		0.02		3.69		3.68		0.01		0.819		185.9		
49.023		64.2		126.0		0.02		3.69		3.68		0.01		0.806		185.9		
49.121		59.0		126.9		0.02		3.69		3.68		0.01		0.806		185.0		
49.219		50.7		133.9		0.02		3.69		3.68		0.01		0.802		182.4		
49.316		43.4		138.3		0.02		3.69		3.68		0.01		0.789		180.3		
49.414		39.5		142.7		0.01		3.69		3.68		0.01		0.778		175.1		
49.512		28.6		147.5		0.02		3.69		3.68		0.01		0.749		173.8		
49.609		21.7		153.2		0.02		3.69		3.68		0.01		0.749		172.5		
49.707		18.6		155.4		0.02		3.69		3.68		0.01		0.726		167.3		
49.805		7.8		161.1		0.02		3.69		3.68		0.02		0.717		163.4		
49.902		0.0		164.1		0.02		3.69		3.68		0.02		0.704		161.2		
