Oscilloscope Trace Export		
Festo Didactic LVDAC-EMS 3.19		
		
		
		Ch1		Ch2		Ch3		Ch4		Ch5		Ch6		Ch7		Ch8		
Time 		E1		E2		AI5		AI1		AI6		AI2		I3		E3		
(ms)		(V)		(V)		(V)		(V)		(V)		(V)		(A)		(V)		
0.000		6.5		-169.8		0.02		0.01		0.02		3.69		-0.013		1.7		
0.098		13.9		-171.6		0.01		0.03		0.02		3.69		0.000		0.0		
0.195		19.5		-175.5		0.01		0.02		0.02		3.69		-0.004		3.0		
0.293		31.7		-177.7		0.01		0.02		0.02		3.69		0.002		-0.9		
0.391		32.5		-177.7		0.01		0.02		0.02		3.68		-0.006		1.7		
0.488		39.9		-183.8		0.02		0.02		0.02		3.69		0.004		2.2		
0.586		44.2		-183.8		0.01		0.03		0.02		3.69		0.000		0.4		
0.684		49.9		-187.7		0.01		0.02		0.02		3.69		0.000		0.4		
0.781		56.4		-188.2		0.02		0.02		0.01		3.69		0.000		-1.7		
0.879		62.0		-189.5		0.01		0.02		0.02		3.69		-0.004		-2.2		
0.977		66.3		-190.8		0.01		0.03		0.01		3.69		-0.004		1.7		
1.074		69.4		-192.6		0.01		0.02		0.02		3.69		0.008		-1.3		
1.172		76.3		-193.4		0.01		0.03		0.02		3.69		-0.004		-1.7		
1.270		82.0		-193.9		0.01		0.02		0.02		3.69		0.004		-0.4		
1.367		83.7		-195.2		0.02		0.03		0.02		3.69		-0.008		-0.4		
1.465		88.9		-193.4		0.01		0.02		0.02		3.69		0.002		0.4		
1.563		94.5		-197.4		0.01		0.01		0.02		3.69		-0.011		-0.4		
1.660		104.5		-190.8		0.02		0.02		0.02		0.02		0.360		77.6		
1.758		105.8		-194.3		0.02		0.02		0.02		0.02		0.383		83.6		
1.855		111.4		-196.1		0.02		0.02		0.02		0.02		0.362		80.2		
1.953		115.3		-193.4		0.02		0.02		0.02		0.02		0.353		76.3		
2.051		117.1		-194.3		0.02		0.02		0.02		0.02		0.332		76.3		
2.148		121.4		-196.1		0.02		0.02		0.02		0.02		0.324		70.6		
2.246		124.0		-190.8		0.02		0.02		0.02		0.02		0.298		68.9		
2.344		126.2		-189.9		0.02		0.02		0.02		0.02		0.273		63.3		
2.441		131.8		-192.6		0.02		0.02		0.02		0.02		0.237		58.9		
2.539		138.8		-191.2		0.02		0.02		0.02		0.02		0.216		51.6		
2.637		144.8		-186.0		0.02		0.02		0.02		0.02		0.192		45.9		
2.734		144.4		-188.2		0.02		0.02		0.02		0.02		0.157		37.3		
2.832		153.1		-181.2		0.02		0.02		0.01		0.02		0.127		29.9		
2.930		154.4		-178.6		0.02		0.02		0.02		0.02		0.112		24.3		
3.027		158.3		-173.7		0.02		0.02		0.02		0.02		0.068		18.2		
3.125		160.4		-172.9		0.02		0.02		0.02		0.02		0.049		8.2		
3.223		163.0		-168.1		0.01		0.02		0.02		0.02		0.013		3.5		
3.320		168.7		-168.1		0.02		0.02		0.01		0.02		-0.006		0.9		
3.418		173.0		-158.9		0.02		0.01		0.02		0.02		-0.015		-0.9		
3.516		175.2		-154.9		0.02		0.01		0.02		0.02		-0.013		-1.7		
3.613		176.9		-151.0		0.02		0.01		0.02		0.02		-0.011		2.2		
3.711		179.9		-147.0		0.02		0.02		0.02		0.02		0.011		0.4		
3.809		181.2		-143.1		0.02		0.02		0.01		0.02		-0.002		0.4		
3.906		185.1		-137.0		0.02		0.02		0.02		0.02		-0.004		-1.7		
4.004		187.3		-135.2		0.02		0.03		0.02		0.02		-0.004		-2.2		
4.102		185.1		-133.5		0.02		0.02		0.02		0.02		0.006		0.4		
4.199		187.8		-127.4		0.02		0.01		0.02		0.02		-0.011		-2.2		
4.297		189.9		-125.2		0.02		0.03		0.02		0.02		-0.002		-1.3		
4.395		189.5		-119.5		0.02		0.03		0.02		0.02		-0.002		-3.5		
4.492		192.5		-113.8		0.02		0.03		0.02		0.02		-0.002		-2.2		
4.590		194.3		-111.6		0.02		0.03		0.02		0.02		0.004		-3.0		
4.688		194.3		-106.8		0.02		0.02		0.02		0.02		-0.002		-1.3		
4.785		195.1		-103.3		0.02		0.02		0.02		0.02		-0.006		-0.9		
4.883		198.2		-99.3		0.02		0.02		0.02		0.02		0.004		0.4		
4.980		185.6		-66.5		3.68		0.02		0.01		0.02		0.267		58.9		
5.078		195.6		-87.5		3.69		0.02		0.01		0.02		0.379		84.1		
5.176		194.7		-85.8		3.69		0.02		0.01		0.02		0.366		79.7		
5.273		195.6		-78.3		3.68		0.02		0.01		0.02		0.341		79.7		
5.371		195.1		-77.0		3.68		0.02		0.01		0.02		0.336		72.8		
5.469		193.4		-75.3		3.69		0.02		0.01		0.02		0.326		72.8		
5.566		194.7		-69.6		3.68		0.02		0.01		0.02		0.296		67.2		
5.664		193.0		-65.6		3.69		0.03		0.01		0.02		0.273		60.7		
5.762		192.5		-56.9		3.69		0.02		0.02		0.02		0.254		58.5		
5.859		193.0		-56.9		3.68		0.03		0.01		0.02		0.220		50.7		
5.957		187.8		-46.0		3.69		0.02		0.01		0.02		0.188		43.3		
6.055		184.7		-42.0		3.69		0.02		0.01		0.02		0.167		36.8		
6.152		184.3		-30.6		3.68		0.02		0.02		0.02		0.131		32.1		
6.250		179.5		-27.6		3.69		0.02		0.01		0.02		0.118		24.3		
6.348		181.7		-18.8		3.69		0.02		0.01		0.02		0.074		19.1		
6.445		174.3		-15.3		3.68		0.03		0.01		0.02		0.047		10.0		
6.543		173.0		-5.3		3.69		0.02		0.02		0.02		0.013		4.8		
6.641		166.1		4.4		3.69		0.03		0.01		0.02		-0.006		0.0		
6.738		160.0		11.8		3.69		0.02		0.01		0.02		0.000		-0.9		
6.836		158.7		20.1		3.69		0.01		0.02		0.02		-0.013		-0.4		
6.934		156.1		28.9		3.69		0.03		0.01		0.02		-0.002		0.4		
7.031		147.0		34.1		3.69		0.03		0.02		0.02		-0.002		-0.4		
7.129		146.6		40.3		3.69		0.01		0.02		0.02		-0.011		-0.4		
7.227		137.9		44.2		3.69		0.03		0.02		0.02		0.002		0.4		
7.324		137.0		49.9		3.69		0.03		0.02		0.02		0.000		3.0		
7.422		131.8		57.8		3.69		0.03		0.02		0.02		0.002		2.2		
7.520		130.1		61.3		3.69		0.03		0.02		0.02		0.002		1.3		
7.617		124.9		65.6		3.69		0.03		0.01		0.02		0.006		2.2		
7.715		121.0		71.8		3.69		0.03		0.01		0.02		0.000		0.0		
7.813		118.4		77.5		3.69		0.03		0.01		0.02		0.004		-1.3		
7.910		114.0		83.6		3.69		0.03		0.02		0.02		0.000		-1.7		
8.008		111.4		87.5		3.69		0.03		0.01		0.02		0.011		0.9		
8.105		104.5		91.9		3.69		0.03		0.01		0.02		-0.002		-0.9		
8.203		103.2		96.7		3.68		0.03		0.01		0.02		0.006		-0.9		
8.301		56.4		123.0		3.69		3.69		0.02		0.02		0.123		35.5		
8.398		92.8		106.3		3.69		3.69		0.02		0.01		0.391		86.7		
8.496		85.9		110.3		3.68		3.69		0.02		0.01		0.368		84.9		
8.594		84.6		113.8		3.68		3.69		0.01		0.01		0.343		81.5		
8.691		76.7		116.4		3.69		3.69		0.01		0.01		0.341		74.5		
8.789		75.9		119.5		3.69		3.69		0.02		0.01		0.326		75.0		
8.887		71.5		123.9		3.69		3.69		0.01		0.01		0.313		71.5		
8.984		70.2		130.9		3.68		3.69		0.01		0.02		0.305		65.9		
9.082		62.9		132.2		3.69		3.69		0.02		0.02		0.258		63.3		
9.180		55.5		133.9		3.69		3.69		0.01		0.02		0.241		52.9		
9.277		49.0		140.5		3.69		3.69		0.02		0.01		0.199		49.4		
9.375		42.5		144.4		3.68		3.69		0.01		0.01		0.190		40.7		
9.473		35.6		150.5		3.69		3.69		0.01		0.02		0.150		32.1		
9.570		29.1		154.0		3.68		3.69		0.01		0.01		0.116		25.6		
9.668		21.2		155.8		3.68		3.69		0.01		0.02		0.095		20.8		
9.766		15.6		163.2		3.69		3.69		0.01		0.02		0.068		13.4		
9.863		7.4		163.7		3.69		3.69		0.01		0.02		0.025		8.2		
9.961		1.3		168.9		3.69		3.69		0.01		0.01		0.004		1.3		
10.059		-6.9		168.9		3.69		3.69		0.01		0.01		-0.006		0.4		
10.156		-17.3		173.3		3.69		3.69		0.01		0.02		-0.004		0.9		
10.254		-23.8		176.4		3.68		3.69		0.01		0.02		-0.004		0.9		
10.352		-33.0		177.2		3.69		3.68		0.01		0.01		-0.013		-1.3		
10.449		-38.2		181.6		3.69		3.69		0.01		0.01		0.004		-0.9		
10.547		-44.2		181.6		3.69		3.69		0.01		0.02		0.008		0.9		
10.645		-48.1		186.4		3.69		3.69		0.01		0.01		0.000		0.9		
10.742		-52.9		186.4		3.69		3.68		0.02		0.02		-0.011		-1.7		
10.840		-59.8		187.7		3.69		3.69		0.01		0.01		-0.004		0.9		
10.938		-62.0		187.7		3.69		3.69		0.01		0.02		-0.004		1.7		
11.035		-70.2		190.8		3.69		3.69		0.02		0.01		0.000		-0.4		
11.133		-72.4		192.1		3.69		3.70		0.01		0.02		-0.004		0.0		
11.230		-79.3		196.5		3.69		3.69		0.01		0.02		-0.002		-1.7		
11.328		-85.0		196.9		3.69		3.68		0.01		0.01		-0.015		-3.0		
11.426		-88.9		197.4		3.68		3.69		0.01		0.01		0.000		-1.7		
11.523		-93.7		195.6		3.69		3.68		0.01		0.01		-0.017		0.4		
11.621		-98.0		193.9		0.02		3.68		3.68		0.01		-0.013		0.4		
11.719		-105.4		195.6		0.02		3.69		3.68		0.01		0.372		85.4		
11.816		-110.1		194.3		0.02		3.69		3.68		0.01		0.362		81.5		
11.914		-112.7		195.2		0.02		3.69		3.68		0.02		0.349		77.6		
12.012		-117.9		191.7		0.02		3.69		3.68		0.01		0.330		75.8		
12.109		-120.5		192.6		0.02		3.69		3.68		0.01		0.326		71.1		
12.207		-122.3		196.9		0.02		3.69		3.68		0.02		0.296		68.5		
12.305		-126.6		194.7		0.02		3.69		3.68		0.01		0.273		63.3		
12.402		-135.3		193.9		0.02		3.69		3.68		0.01		0.258		58.5		
12.500		-137.5		190.8		0.02		3.69		3.68		0.02		0.224		50.3		
12.598		-141.8		188.6		0.02		3.69		3.68		0.01		0.203		47.7		
12.695		-145.7		186.4		0.02		3.69		3.68		0.01		0.169		42.5		
12.793		-149.6		182.9		0.02		3.69		3.68		0.01		0.140		32.5		
12.891		-151.3		183.4		0.02		3.69		3.68		0.01		0.114		25.6		
12.988		-157.0		178.6		0.02		3.69		3.68		0.01		0.089		20.4		
13.086		-161.3		173.3		0.02		3.69		3.68		0.02		0.070		11.3		
13.184		-163.5		170.2		0.02		3.69		3.68		0.01		0.032		6.5		
13.281		-164.8		164.6		0.02		3.69		3.68		0.02		-0.006		-2.2		
13.379		-172.1		161.5		0.02		3.69		3.68		0.01		0.008		2.6		
13.477		-172.6		158.4		0.02		3.69		3.68		0.01		-0.004		-0.9		
13.574		-178.6		151.4		0.02		3.69		3.68		0.01		0.000		0.4		
13.672		-177.8		150.5		0.02		3.69		3.68		0.01		0.000		0.0		
13.770		-182.1		146.2		0.02		3.68		3.68		0.01		-0.013		0.0		
13.867		-185.6		140.0		0.02		3.68		3.68		0.02		-0.011		0.0		
13.965		-188.2		137.4		0.02		3.69		3.68		0.01		0.000		0.4		
14.063		-188.2		131.7		0.02		3.69		3.68		0.02		0.008		0.9		
14.160		-189.1		129.1		0.02		3.69		3.68		0.02		-0.006		2.2		
14.258		-192.5		124.7		0.02		3.69		3.68		0.01		-0.002		-0.9		
14.355		-191.7		119.9		0.02		3.69		3.68		0.02		-0.002		-0.4		
14.453		-192.5		118.2		0.02		3.69		3.68		0.02		0.006		-0.9		
14.551		-194.7		111.2		0.02		3.68		3.68		0.02		-0.011		2.2		
14.648		-191.7		107.2		0.02		3.69		3.68		0.02		0.004		-0.4		
14.746		-194.7		106.3		0.02		3.69		3.68		0.02		-0.004		0.4		
14.844		-196.4		100.7		0.02		3.69		3.68		0.02		0.000		1.7		
14.941		-196.0		97.2		0.02		3.69		3.68		0.01		0.000		1.3		
15.039		-192.5		89.7		0.02		0.03		3.68		3.69		0.372		86.2		
15.137		-193.8		84.9		0.02		0.02		3.68		3.69		0.362		85.8		
15.234		-195.1		83.2		0.01		0.02		3.68		3.69		0.353		78.9		
15.332		-193.8		78.8		0.02		0.02		3.68		3.69		0.328		75.4		
15.430		-192.5		77.9		0.01		0.03		3.68		3.69		0.307		71.1		
15.527		-196.4		69.6		0.01		0.02		3.68		3.69		0.305		69.8		
15.625		-195.1		68.7		0.02		0.02		3.68		3.69		0.281		64.6		
15.723		-191.2		63.0		0.02		0.03		3.68		3.69		0.264		58.9		
15.820		-190.8		55.1		0.01		0.02		3.68		3.69		0.237		55.5		
15.918		-187.8		47.3		0.02		0.03		3.68		3.69		0.201		49.0		
16.016		-190.4		43.8		0.01		0.03		3.68		3.69		0.182		42.5		
16.113		-185.1		36.8		0.01		0.02		3.68		3.69		0.159		36.0		
16.211		-182.5		29.8		0.01		0.02		3.68		3.69		0.121		31.2		
16.309		-180.4		22.8		0.02		0.03		3.68		3.69		0.089		19.9		
16.406		-177.3		17.5		0.01		0.02		3.68		3.69		0.066		14.7		
16.504		-175.2		7.9		0.02		0.03		3.68		3.69		0.030		8.7		
16.602		-170.8		-0.4		0.01		0.02		3.68		3.69		-0.006		2.6		
16.699		-165.6		-8.3		0.01		0.03		3.68		3.69		0.002		-3.0		
16.797		-159.1		-14.9		0.02		0.03		3.68		3.69		-0.008		0.0		
16.895		-153.5		-23.2		0.01		0.02		3.68		3.69		0.004		0.4		
16.992		-148.7		-29.8		0.01		0.02		3.68		3.69		-0.008		-1.7		
17.090		-146.1		-34.1		0.01		0.02		3.68		3.69		0.002		2.6		
17.188		-140.5		-41.1		0.01		0.02		3.68		3.69		0.006		0.0		
17.285		-139.2		-47.7		0.01		0.02		3.68		3.69		0.008		-0.4		
17.383		-134.0		-53.0		0.01		0.01		3.68		3.69		-0.015		-0.4		
17.480		-131.4		-57.3		0.01		0.02		3.68		3.69		0.011		-1.3		
17.578		-124.4		-66.1		0.01		0.03		3.68		3.69		-0.006		0.4		
17.676		-121.8		-70.0		0.01		0.03		3.68		3.69		-0.006		-3.0		
17.773		-119.2		-77.0		0.01		0.02		3.68		3.68		0.008		0.0		
17.871		-114.0		-81.0		0.01		0.03		3.68		3.69		-0.002		1.3		
17.969		-111.9		-84.9		0.01		0.02		3.68		3.68		-0.002		3.0		
18.066		-109.7		-90.2		0.02		0.02		3.68		3.69		0.006		-0.4		
18.164		-104.1		-91.9		0.01		0.03		3.68		3.69		-0.006		-2.2		
18.262		-100.6		-98.5		0.01		0.03		3.68		3.69		-0.006		0.4		
18.359		-93.2		-105.9		0.01		0.03		0.02		3.69		0.372		86.7		
18.457		-89.8		-110.3		0.01		0.02		0.02		3.69		0.385		84.9		
18.555		-86.3		-114.7		0.02		0.02		0.02		3.69		0.362		83.6		
18.652		-78.9		-116.4		0.02		0.02		0.02		3.69		0.347		80.2		
18.750		-76.3		-117.7		0.01		0.02		0.02		3.69		0.322		74.1		
18.848		-75.4		-124.7		0.01		0.02		0.02		3.69		0.311		70.2		
18.945		-71.1		-123.9		0.02		0.03		0.02		3.69		0.300		69.8		
19.043		-65.5		-132.6		0.02		0.03		0.02		3.69		0.283		65.0		
19.141		-58.1		-130.0		0.02		0.02		0.02		3.69		0.250		59.4		
19.238		-54.2		-138.3		0.02		0.02		0.02		3.69		0.209		50.7		
19.336		-46.0		-143.5		0.02		0.02		0.02		3.69		0.188		43.3		
19.434		-40.8		-151.9		0.02		0.03		0.02		3.69		0.167		38.6		
19.531		-30.8		-151.9		0.02		0.03		0.02		3.69		0.133		29.9		
19.629		-24.3		-154.0		0.01		0.02		0.02		3.69		0.108		22.1		
19.727		-19.5		-157.5		0.01		0.02		0.02		3.69		0.076		16.5		
19.824		-9.5		-162.8		0.02		0.03		0.02		3.69		0.038		10.8		
19.922		-2.6		-164.1		0.01		0.02		0.02		3.68		0.015		-0.4		
20.020		3.0		-169.4		0.02		0.03		0.01		3.69		0.011		-0.4		
20.117		12.6		-174.6		0.01		0.02		0.02		3.69		-0.006		0.4		
20.215		20.4		-176.4		0.01		0.02		0.01		3.69		0.000		-0.4		
20.313		27.8		-179.0		0.01		0.02		0.02		3.69		-0.006		-1.3		
20.410		34.7		-180.7		0.01		0.02		0.02		3.69		-0.004		-0.9		
20.508		37.7		-182.1		0.01		0.02		0.02		3.69		0.011		0.0		
20.605		44.7		-182.1		0.01		0.02		0.01		3.69		0.004		-0.4		
20.703		53.8		-185.6		0.01		0.02		0.02		3.69		-0.006		0.0		
20.801		56.4		-187.7		0.01		0.02		0.02		3.69		-0.002		-0.4		
20.898		62.4		-190.4		0.01		0.02		0.02		3.69		0.008		-0.4		
20.996		65.5		-189.9		0.01		0.02		0.01		3.69		-0.004		1.3		
21.094		72.4		-192.6		0.01		0.02		0.02		3.69		0.000		-0.9		
21.191		77.6		-191.7		0.01		0.01		0.02		3.69		-0.011		-0.4		
21.289		83.7		-190.8		0.01		0.02		0.01		3.68		0.002		-1.7		
21.387		85.4		-195.6		0.01		0.02		0.02		3.69		0.017		-0.4		
21.484		91.9		-193.9		0.01		0.02		0.02		3.69		0.008		1.7		
21.582		93.2		-194.7		0.01		0.02		0.01		3.68		0.008		0.9		
21.680		104.9		-189.1		0.02		0.02		0.02		0.02		0.364		84.1		
21.777		104.9		-193.0		0.02		0.03		0.02		0.02		0.370		87.1		
21.875		108.4		-194.3		0.02		0.02		0.02		0.02		0.364		80.6		
21.973		112.7		-196.5		0.02		0.02		0.02		0.02		0.345		77.1		
22.070		119.7		-194.7		0.02		0.02		0.02		0.02		0.326		75.4		
22.168		123.1		-192.6		0.02		0.02		0.02		0.02		0.319		69.8		
22.266		125.7		-193.4		0.02		0.02		0.02		0.02		0.309		68.0		
22.363		130.9		-191.7		0.02		0.02		0.02		0.02		0.271		60.7		
22.461		133.1		-192.1		0.02		0.02		0.02		0.02		0.245		54.2		
22.559		141.4		-191.7		0.02		0.02		0.02		0.02		0.218		49.8		
22.656		143.1		-186.9		0.01		0.02		0.02		0.02		0.199		44.6		
22.754		146.6		-183.8		0.02		0.02		0.02		0.02		0.165		36.4		
22.852		153.1		-183.4		0.01		0.02		0.02		0.02		0.137		28.6		
22.949		156.1		-179.9		0.02		0.02		0.01		0.02		0.102		23.4		
23.047		154.8		-175.9		0.02		0.02		0.01		0.02		0.076		16.5		
23.145		162.6		-173.7		0.01		0.02		0.02		0.01		0.038		6.9		
23.242		161.7		-165.0		0.02		0.02		0.02		0.02		0.004		1.3		
23.340		172.1		-162.8		0.02		0.01		0.01		0.02		-0.019		0.0		
23.438		173.9		-158.9		0.02		0.02		0.02		0.02		0.006		0.0		
23.535		174.3		-157.5		0.02		0.02		0.02		0.02		-0.004		-2.2		
23.633		179.9		-151.4		0.02		0.02		0.01		0.02		0.015		-0.4		
23.730		180.4		-146.2		0.02		0.02		0.02		0.02		0.000		0.0		
23.828		183.4		-141.8		0.02		0.02		0.01		0.02		-0.008		-0.4		
23.926		184.7		-139.2		0.01		0.02		0.02		0.02		-0.004		0.9		
24.023		189.5		-136.1		0.02		0.01		0.02		0.02		-0.011		2.2		
24.121		186.9		-132.2		0.02		0.01		0.01		0.02		-0.013		-2.6		
24.219		189.1		-123.9		0.02		0.02		0.02		0.02		-0.004		-1.3		
24.316		189.1		-123.0		0.02		0.01		0.02		0.02		-0.011		-1.7		
24.414		192.5		-117.7		0.02		0.03		0.02		0.02		-0.004		-2.2		
24.512		190.4		-113.8		0.02		0.02		0.02		0.02		0.002		-1.7		
24.609		192.5		-109.4		0.02		0.03		0.02		0.02		0.008		0.9		
24.707		196.4		-108.1		0.02		0.02		0.02		0.02		-0.006		-1.7		
24.805		198.6		-103.3		0.02		0.01		0.01		0.02		-0.015		-3.5		
24.902		195.1		-96.7		0.02		0.01		0.02		0.02		-0.011		0.4		
25.000		180.4		-81.0		3.69		0.02		0.01		0.02		0.343		73.7		
25.098		196.9		-88.4		3.68		0.02		0.01		0.02		0.383		83.6		
25.195		194.7		-81.8		3.68		0.03		0.01		0.02		0.364		81.5		
25.293		195.1		-79.6		3.69		0.02		0.01		0.02		0.341		76.7		
25.391		193.0		-79.2		3.68		0.02		0.01		0.02		0.315		72.4		
25.488		194.7		-70.5		3.68		0.02		0.01		0.02		0.311		71.9		
25.586		195.1		-68.3		3.69		0.02		0.01		0.02		0.292		65.4		
25.684		193.4		-63.0		3.69		0.03		0.01		0.02		0.256		61.1		
25.781		191.2		-57.8		3.69		0.02		0.01		0.02		0.245		56.3		
25.879		189.5		-53.8		3.69		0.02		0.02		0.02		0.216		49.4		
25.977		190.4		-44.2		3.69		0.02		0.01		0.02		0.197		42.9		
26.074		188.2		-38.1		3.68		0.02		0.01		0.02		0.150		38.6		
26.172		184.3		-31.1		3.68		0.03		0.01		0.02		0.144		28.6		
26.270		179.9		-28.9		3.68		0.03		0.01		0.02		0.112		23.0		
26.367		179.1		-19.7		3.69		0.03		0.01		0.02		0.080		17.3		
26.465		173.0		-11.4		3.68		0.03		0.01		0.02		0.040		11.7		
26.563		170.4		-3.1		3.69		0.03		0.01		0.02		0.002		3.9		
26.660		166.5		0.0		3.69		0.01		0.02		0.02		-0.013		-2.6		
26.758		162.6		13.1		3.69		0.03		0.02		0.02		0.006		0.0		
26.855		154.8		18.8		3.69		0.03		0.01		0.02		0.013		-2.6		
26.953		153.9		26.3		3.69		0.03		0.02		0.02		0.006		2.2		
27.051		146.1		34.6		3.69		0.01		0.01		0.02		-0.013		-2.2		
27.148		143.5		41.1		3.69		0.03		0.02		0.02		0.002		-0.4		
27.246		137.5		48.1		3.69		0.01		0.02		0.02		-0.017		-3.0		
27.344		138.8		52.5		3.69		0.03		0.01		0.02		0.000		1.3		
27.441		133.1		56.9		3.69		0.03		0.01		0.02		0.000		0.4		
27.539		129.6		59.1		3.69		0.03		0.02		0.02		0.000		0.9		
27.637		121.8		67.4		3.69		0.02		0.02		0.02		0.013		0.4		
27.734		119.7		72.2		3.69		0.01		0.01		0.02		-0.011		0.4		
27.832		114.5		77.0		3.69		0.03		0.01		0.02		0.008		-1.3		
27.930		112.7		82.3		3.69		0.03		0.02		0.02		0.000		0.0		
28.027		111.0		86.7		3.69		0.03		0.01		0.02		0.011		-0.4		
28.125		105.8		91.5		3.68		0.03		0.01		0.02		-0.004		-0.4		
28.223		102.8		95.8		3.69		0.01		0.01		0.02		-0.015		-2.2		
28.320		58.1		121.2		3.69		3.69		0.01		0.02		0.258		56.3		
28.418		91.1		107.7		3.69		3.69		0.01		0.02		0.372		88.0		
28.516		88.9		111.2		3.69		3.69		0.01		0.01		0.372		81.9		
28.613		79.3		116.4		3.68		3.69		0.01		0.01		0.351		81.9		
28.711		76.7		121.7		3.68		3.69		0.01		0.02		0.334		75.0		
28.809		76.3		121.2		3.69		3.69		0.01		0.01		0.330		73.7		
28.906		72.0		124.3		3.69		3.69		0.01		0.01		0.313		68.5		
29.004		68.9		127.8		3.69		3.69		0.01		0.01		0.290		65.4		
29.102		60.7		134.8		3.69		3.69		0.01		0.02		0.264		61.1		
29.199		58.1		137.9		3.69		3.69		0.01		0.02		0.243		56.3		
29.297		47.3		140.5		3.68		3.69		0.01		0.01		0.207		49.8		
29.395		40.3		145.7		3.69		3.69		0.01		0.02		0.182		40.3		
29.492		33.8		151.4		3.69		3.69		0.01		0.01		0.142		30.8		
29.590		29.9		151.4		3.68		3.69		0.01		0.01		0.112		24.7		
29.688		23.0		158.4		3.69		3.69		0.01		0.01		0.085		19.5		
29.785		13.9		162.4		3.69		3.69		0.01		0.01		0.059		11.3		
29.883		7.8		165.9		3.69		3.69		0.01		0.02		0.023		6.9		
29.980		-1.7		166.3		3.69		3.69		0.02		0.01		0.004		0.4		
30.078		-11.3		171.6		3.69		3.69		0.01		0.02		0.000		2.2		
30.176		-17.8		176.8		3.69		3.69		0.01		0.01		0.013		0.9		
30.273		-24.3		177.2		3.69		3.69		0.01		0.01		0.002		0.4		
30.371		-33.0		179.4		3.69		3.69		0.01		0.02		0.000		0.4		
30.469		-36.4		181.6		3.69		3.69		0.01		0.01		-0.004		-1.7		
30.566		-43.8		182.9		3.69		3.69		0.01		0.01		-0.004		1.3		
30.664		-49.4		186.9		3.69		3.68		0.01		0.02		-0.011		-1.3		
30.762		-52.9		188.2		3.69		3.69		0.01		0.01		0.000		-2.2		
30.859		-61.1		186.0		3.69		3.68		0.01		0.01		-0.011		0.9		
30.957		-67.6		191.2		3.69		3.69		0.02		0.01		-0.004		0.4		
31.055		-71.1		192.1		3.69		3.69		0.02		0.01		0.000		0.4		
31.152		-71.5		189.1		3.69		3.69		0.02		0.01		0.006		0.0		
31.250		-80.7		192.6		3.69		3.69		0.01		0.02		-0.006		-2.2		
31.348		-83.3		193.0		3.69		3.69		0.01		0.02		-0.004		1.7		
31.445		-89.8		195.6		3.69		3.69		0.01		0.01		0.004		1.3		
31.543		-96.3		196.9		3.69		3.69		0.01		0.02		0.004		1.3		
31.641		-98.4		198.7		0.02		3.69		3.68		0.02		0.006		2.2		
31.738		-105.8		193.9		0.02		3.69		3.68		0.01		0.372		86.7		
31.836		-108.8		194.3		0.02		3.69		3.68		0.01		0.355		84.1		
31.934		-111.9		195.2		0.02		3.69		3.69		0.02		0.355		81.0		
32.031		-119.7		197.4		0.02		3.69		3.68		0.01		0.330		76.3		
32.129		-122.7		192.1		0.02		3.69		3.68		0.02		0.311		71.1		
32.227		-121.8		195.2		0.02		3.69		3.68		0.01		0.298		67.2		
32.324		-126.6		194.7		0.02		3.69		3.69		0.02		0.283		62.4		
32.422		-134.0		189.5		0.02		3.69		3.68		0.01		0.252		55.9		
32.520		-138.8		192.1		0.01		3.69		3.68		0.02		0.235		52.0		
32.617		-145.7		185.6		0.02		3.69		3.68		0.01		0.195		46.8		
32.715		-147.0		188.6		0.02		3.69		3.68		0.02		0.182		39.4		
32.813		-148.3		181.6		0.02		3.69		3.68		0.01		0.148		31.2		
32.910		-156.1		179.0		0.02		3.69		3.68		0.02		0.118		23.0		
33.008		-157.0		179.0		0.02		3.69		3.68		0.01		0.078		21.7		
33.105		-160.4		176.4		0.02		3.69		3.68		0.01		0.044		14.3		
33.203		-165.2		168.9		0.02		3.69		3.68		0.02		0.021		4.8		
33.301		-166.5		161.5		0.02		3.69		3.68		0.02		0.002		1.3		
33.398		-172.6		162.8		0.02		3.69		3.68		0.02		0.004		1.3		
33.496		-176.5		154.0		0.02		3.69		3.68		0.02		0.004		1.3		
33.594		-177.8		152.3		0.02		3.69		3.68		0.02		0.000		3.5		
33.691		-177.3		146.6		0.02		3.69		3.68		0.01		0.006		-0.4		
33.789		-182.1		139.6		0.02		3.69		3.68		0.02		-0.002		1.7		
33.887		-182.5		137.0		0.02		3.69		3.68		0.01		0.008		-2.2		
33.984		-184.7		133.9		0.02		3.69		3.68		0.01		-0.002		-2.2		
34.082		-191.2		133.9		0.02		3.69		3.68		0.02		0.002		1.3		
34.180		-188.2		132.2		0.02		3.69		3.68		0.01		0.000		2.2		
34.277		-188.6		124.3		0.02		3.69		3.68		0.01		0.013		0.4		
34.375		-189.9		116.8		0.02		3.68		3.69		0.02		-0.013		-1.3		
34.473		-191.2		115.5		0.02		3.69		3.68		0.02		0.004		0.9		
34.570		-193.4		113.3		0.02		3.69		3.68		0.01		0.011		-0.9		
34.668		-196.0		107.7		0.02		3.69		3.68		0.01		-0.004		0.0		
34.766		-195.1		104.2		0.02		3.69		3.68		0.01		0.000		-1.3		
34.863		-195.6		99.3		0.02		3.69		3.68		0.01		0.000		-0.4		
34.961		-196.4		98.0		0.02		3.69		3.68		1.64		-0.004		-0.9		
35.059		-196.4		89.7		0.02		0.03		3.68		3.69		0.377		86.7		
35.156		-196.9		85.3		0.01		0.02		3.69		3.69		0.347		80.2		
35.254		-196.9		81.4		0.02		0.02		3.68		3.69		0.338		78.9		
35.352		-196.9		77.5		0.01		0.02		3.68		3.69		0.336		77.1		
35.449		-194.7		72.6		0.01		0.02		3.68		3.69		0.315		70.2		
35.547		-195.6		71.3		0.01		0.02		3.68		3.69		0.309		66.7		
35.645		-192.5		66.5		0.02		0.02		3.68		3.69		0.273		62.8		
35.742		-194.3		62.6		0.01		0.02		3.68		3.69		0.262		59.4		
35.840		-191.7		54.7		0.02		0.02		3.68		3.69		0.226		52.0		
35.938		-190.4		48.6		0.02		0.03		3.68		3.69		0.201		45.1		
36.035		-187.3		41.6		0.02		0.02		3.68		3.69		0.173		39.4		
36.133		-186.4		33.3		0.01		0.02		3.68		3.69		0.152		33.8		
36.230		-182.1		27.6		0.02		0.02		3.68		3.69		0.112		29.5		
36.328		-178.2		21.9		0.01		0.02		3.68		3.69		0.085		23.0		
36.426		-176.9		14.9		0.01		0.02		3.68		3.69		0.068		13.9		
36.523		-171.3		8.8		0.01		0.03		3.68		3.69		0.030		8.7		
36.621		-164.8		2.2		0.01		0.03		3.68		3.69		-0.004		1.3		
36.719		-161.3		-3.9		0.01		0.03		3.68		3.69		0.002		-3.0		
36.816		-157.4		-16.6		0.01		0.02		3.68		3.69		0.006		-0.4		
36.914		-153.5		-22.8		0.01		0.03		3.68		3.69		0.004		0.0		
37.012		-148.7		-31.9		0.01		0.02		3.68		3.68		-0.004		0.4		
37.109		-146.1		-37.2		0.02		0.01		3.68		3.69		-0.011		0.0		
37.207		-141.4		-45.1		0.01		0.02		3.68		3.69		0.006		2.6		
37.305		-137.5		-49.5		0.01		0.02		3.68		3.69		0.002		0.0		
37.402		-134.0		-54.7		0.01		0.02		3.68		3.69		-0.002		-1.3		
37.500		-128.3		-59.5		0.01		0.03		3.68		3.69		0.008		-0.4		
37.598		-124.9		-67.8		0.01		0.03		3.68		3.68		0.008		0.4		
37.695		-123.1		-69.6		0.01		0.01		3.68		3.69		-0.017		-1.7		
37.793		-117.9		-74.8		0.01		0.03		3.68		3.69		0.006		2.2		
37.891		-116.6		-82.3		0.02		0.03		3.68		3.68		-0.002		-2.2		
37.988		-111.4		-84.0		0.02		0.02		3.68		3.69		0.002		1.3		
38.086		-108.0		-88.0		0.01		0.02		3.68		3.69		-0.006		-1.3		
38.184		-104.5		-92.3		0.02		0.03		3.68		3.69		-0.006		-1.7		
38.281		-98.0		-99.8		0.02		0.02		3.68		3.69		0.011		-0.4		
38.379		-93.7		-103.3		0.01		0.02		0.02		3.69		0.374		88.8		
38.477		-87.6		-107.2		0.02		0.02		0.02		3.69		0.377		86.7		
38.574		-82.8		-115.5		0.01		0.02		0.02		3.69		0.355		81.9		
38.672		-79.3		-114.7		0.02		0.02		0.02		3.69		0.338		77.6		
38.770		-77.2		-120.8		0.02		0.03		0.02		3.69		0.334		76.7		
38.867		-75.4		-121.7		0.01		0.03		0.02		3.69		0.300		70.2		
38.965		-72.0		-127.4		0.01		0.02		0.02		3.69		0.296		66.3		
39.063		-66.3		-127.8		0.02		0.02		0.02		3.69		0.275		61.1		
39.160		-58.5		-137.4		0.01		0.02		0.02		3.69		0.258		54.2		
39.258		-51.6		-140.5		0.01		0.02		0.02		3.69		0.207		50.3		
39.355		-44.7		-143.5		0.01		0.02		0.02		3.69		0.186		40.7		
39.453		-38.2		-147.9		0.02		0.02		0.01		3.69		0.159		34.2		
39.551		-34.3		-153.6		0.01		0.03		0.02		3.69		0.131		29.9		
39.648		-22.1		-156.2		0.01		0.02		0.02		3.68		0.093		21.7		
39.746		-18.2		-160.2		0.01		0.02		0.02		3.69		0.070		16.5		
39.844		-12.1		-165.4		0.01		0.03		0.02		3.69		0.027		9.1		
39.941		-2.6		-170.7		0.02		0.02		0.02		3.69		0.008		2.2		
40.039		6.9		-169.4		0.01		0.02		0.02		3.69		0.011		0.4		
40.137		15.2		-174.2		0.01		0.02		0.02		3.69		0.002		0.0		
40.234		19.5		-177.7		0.02		0.02		0.02		3.69		0.000		0.0		
40.332		29.9		-178.6		0.01		0.02		0.01		3.69		-0.002		0.9		
40.430		33.4		-180.7		0.01		0.02		0.02		3.69		0.017		1.7		
40.527		40.8		-182.5		0.01		0.02		0.01		3.68		0.000		-0.4		
40.625		45.5		-183.8		0.01		0.02		0.02		3.69		-0.006		-3.5		
40.723		52.0		-187.3		0.01		0.02		0.02		3.69		0.000		-1.3		
40.820		59.0		-186.0		0.01		0.03		0.02		3.69		0.002		-2.2		
40.918		62.0		-188.2		0.01		0.02		0.02		3.68		0.006		-1.3		
41.016		69.4		-192.6		0.01		0.02		0.01		3.69		0.006		0.0		
41.113		72.4		-189.9		0.02		0.02		0.02		3.69		-0.004		-3.5		
41.211		77.2		-193.4		0.01		0.03		0.02		3.69		0.000		-2.2		
41.309		80.7		-192.1		0.01		0.02		0.02		3.68		0.000		1.3		
41.406		87.2		-191.7		0.01		0.02		0.02		3.68		-0.008		0.0		
41.504		90.2		-194.7		0.01		0.02		0.02		3.68		-0.006		-0.4		
41.602		95.4		-196.9		0.01		0.02		0.02		3.69		0.004		-0.9		
41.699		101.9		-192.1		0.02		0.02		0.02		0.02		0.381		85.4		
41.797		106.2		-195.2		0.02		0.02		0.02		0.02		0.372		85.8		
41.895		112.7		-198.7		0.02		0.02		0.02		0.02		0.347		80.2		
41.992		116.2		-116.4		0.02		0.02		0.02		0.02		0.341		77.6		
42.090		118.8		-194.7		0.02		0.02		0.02		0.02		0.326		72.8		
42.188		122.3		-193.9		0.02		0.02		0.02		0.02		0.313		69.8		
42.285		126.6		-194.7		0.02		0.03		0.02		0.02		0.298		63.3		
42.383		132.7		-195.2		0.02		0.02		0.02		0.02		0.269		60.2		
42.480		134.9		-189.9		0.02		0.02		0.02		0.02		0.241		55.5		
42.578		137.5		-188.6		0.02		0.02		0.02		0.02		0.216		47.7		
42.676		143.5		-186.9		0.02		0.02		0.02		0.02		0.178		40.3		
42.773		151.3		-183.4		0.02		0.02		0.02		0.01		0.167		34.2		
42.871		150.0		-179.9		0.02		0.02		0.02		0.02		0.125		31.6		
42.969		156.5		-178.6		0.02		0.02		0.01		0.02		0.099		22.1		
43.066		156.5		-175.9		0.02		0.02		0.02		0.02		0.061		15.2		
43.164		164.3		-169.4		0.02		0.02		0.02		0.02		0.038		7.8		
43.262		167.4		-169.4		0.02		0.02		0.02		0.02		0.002		1.3		
43.359		166.5		-161.5		0.02		0.02		0.01		0.01		-0.006		0.0		
43.457		173.0		-158.4		0.02		0.01		0.02		0.02		-0.017		-1.7		
43.555		173.0		-155.8		0.02		0.02		0.02		0.02		0.008		0.9		
43.652		177.8		-151.4		0.02		0.02		0.02		0.02		0.000		-2.6		
43.750		182.1		-146.2		0.02		0.01		0.02		0.02		-0.011		-2.6		
43.848		182.1		-141.4		0.02		0.01		0.02		0.02		-0.011		-1.7		
43.945		184.3		-140.0		0.02		0.03		0.01		0.02		-0.006		-1.7		
44.043		187.3		-136.5		0.02		0.03		0.02		0.02		-0.006		-0.9		
44.141		193.8		-129.5		0.01		0.01		0.01		0.02		-0.013		-1.3		
44.238		188.6		-126.5		0.01		0.03		0.02		0.02		0.000		0.9		
44.336		190.4		-123.4		0.02		0.03		0.02		0.02		0.000		-1.3		
44.434		192.1		-119.9		0.02		0.01		0.02		0.02		-0.021		-2.2		
44.531		193.4		-114.2		0.02		0.02		0.02		0.02		-0.002		0.0		
44.629		195.1		-111.2		0.02		0.03		0.02		0.02		0.000		-2.6		
44.727		195.1		-105.9		0.02		0.02		0.02		0.02		-0.004		-2.2		
44.824		195.1		-103.7		0.02		0.02		0.02		0.02		0.002		-0.4		
44.922		193.4		-99.8		0.02		0.02		0.02		0.02		-0.006		-0.4		
45.020		197.7		-88.4		3.69		0.02		0.01		0.02		0.362		80.2		
45.117		193.4		-89.7		3.68		0.02		0.01		0.02		0.377		86.2		
45.215		195.1		-83.6		3.68		0.02		0.01		0.02		0.353		82.3		
45.313		194.3		-79.2		3.69		0.02		0.01		0.02		0.332		77.1		
45.410		196.0		-75.3		3.68		0.02		0.01		0.02		0.324		72.8		
45.508		196.0		-72.6		3.69		0.02		0.01		0.02		0.311		70.2		
45.605		191.7		-67.4		3.69		0.02		0.02		0.02		0.300		64.6		
45.703		190.8		-60.4		3.68		0.02		0.01		0.02		0.264		61.5		
45.801		190.4		-57.3		3.69		0.02		0.01		0.02		0.243		52.0		
45.898		190.4		-52.1		3.69		0.02		0.01		0.02		0.226		46.8		
45.996		188.6		-42.0		3.68		0.02		0.01		0.02		0.197		43.3		
46.094		185.6		-36.3		3.69		0.03		0.01		0.02		0.173		33.8		
46.191		182.5		-31.1		3.69		0.03		0.01		0.02		0.140		30.3		
46.289		178.2		-26.7		3.68		0.03		0.02		0.02		0.095		24.3		
46.387		176.0		-16.2		3.69		0.03		0.01		0.02		0.080		15.6		
46.484		173.0		-12.7		3.69		0.02		0.02		0.02		0.038		11.7		
46.582		168.7		-2.2		3.69		0.03		0.02		0.02		0.004		3.0		
46.680		168.7		3.9		3.69		0.03		0.01		0.02		-0.006		-0.9		
46.777		160.9		14.0		3.69		0.02		0.01		0.02		-0.004		0.9		
46.875		155.2		22.8		3.69		0.02		0.01		0.02		-0.006		2.6		
46.973		152.6		30.2		3.69		0.03		0.02		0.02		-0.002		0.9		
47.070		148.3		35.9		3.69		0.01		0.02		0.02		-0.011		0.9		
47.168		144.4		40.3		3.69		0.03		0.02		0.02		0.002		0.9		
47.266		139.2		41.1		3.69		0.01		0.02		0.02		-0.011		-2.2		
47.363		137.5		51.6		3.69		0.03		0.02		0.02		0.011		1.3		
47.461		132.7		53.8		3.69		0.03		0.02		0.02		0.000		0.4		
47.559		129.2		62.6		3.69		0.03		0.02		0.02		-0.004		-1.7		
47.656		122.3		67.8		3.69		0.03		0.02		0.02		-0.006		-1.3		
47.754		122.3		71.3		3.69		0.03		0.02		0.02		0.004		0.4		
47.852		116.2		75.7		3.69		0.03		0.01		0.02		0.000		0.0		
47.949		113.2		84.5		3.69		0.03		0.01		0.02		-0.006		-0.4		
48.047		108.0		87.5		3.69		0.03		0.01		0.02		0.006		0.4		
48.145		102.3		90.6		3.69		0.01		0.01		0.02		-0.011		1.7		
48.242		101.9		95.8		3.68		0.02		0.01		0.02		0.000		-1.3		
48.340		78.0		106.8		3.69		3.69		0.01		0.01		0.315		74.1		
48.438		88.5		107.7		3.69		3.69		0.01		0.01		0.383		88.8		
48.535		88.9		114.7		3.68		3.69		0.01		0.01		0.366		85.4		
48.633		84.1		116.8		3.69		3.69		0.01		0.01		0.341		78.9		
48.730		82.4		120.8		3.69		3.69		0.02		0.01		0.343		77.6		
48.828		78.5		121.2		3.68		3.69		0.01		0.01		0.319		74.1		
48.926		68.9		124.3		3.69		3.69		0.01		0.01		0.300		68.9		
49.023		68.9		128.7		3.69		3.69		0.01		0.02		0.275		66.3		
49.121		61.6		132.6		3.69		3.69		0.01		0.01		0.267		58.9		
49.219		55.1		135.7		3.68		3.69		0.02		0.01		0.226		54.6		
49.316		48.1		140.9		3.69		3.69		0.01		0.01		0.201		47.7		
49.414		41.6		144.0		3.69		3.69		0.01		0.01		0.178		38.1		
49.512		33.4		149.7		3.68		3.69		0.01		0.02		0.159		31.2		
49.609		26.0		154.5		3.69		3.69		0.01		0.02		0.108		24.7		
49.707		20.8		159.3		3.68		3.69		0.01		0.01		0.082		17.3		
49.805		13.9		163.7		3.68		3.69		0.01		0.01		0.053		13.9		
49.902		3.5		166.3		3.69		3.69		0.01		0.02		0.011		4.8		
