Oscilloscope Trace Export		
Festo Didactic LVDAC-EMS 3.19		
		
		
		Ch1		Ch2		Ch3		Ch4		Ch5		Ch6		Ch7		Ch8		
Time 		E1		E2		AI5		AI1		AI6		AI2		I3		E3		
(ms)		(V)		(V)		(V)		(V)		(V)		(V)		(A)		(V)		
0.000		7.4		-170.2		0.02		0.03		0.02		3.69		0.000		-0.4		
0.098		16.9		-173.3		0.01		0.02		0.02		3.69		0.004		-1.3		
0.195		25.6		-176.8		0.01		0.02		0.02		3.69		-0.002		0.4		
0.293		30.4		-180.3		0.01		0.02		0.02		3.68		0.004		0.4		
0.391		37.3		-181.2		0.01		0.02		0.02		3.69		0.008		1.7		
0.488		46.4		-182.9		0.01		0.02		0.02		3.69		0.006		-3.5		
0.586		47.7		-184.7		0.01		0.02		0.02		3.69		0.000		-1.3		
0.684		51.6		-186.4		0.01		0.02		0.02		3.68		0.006		0.0		
0.781		58.1		-189.1		0.01		0.02		0.02		3.69		0.004		0.0		
0.879		65.5		-188.2		0.02		0.02		0.02		3.69		0.013		-0.9		
0.977		69.8		-189.5		0.01		0.02		0.02		3.68		0.000		-1.3		
1.074		77.6		-186.9		0.02		0.02		0.02		0.02		0.455		103.1		
1.172		80.7		-191.7		0.02		0.02		0.02		0.02		0.478		105.7		
1.270		87.6		-193.0		0.02		0.02		0.02		0.02		0.461		103.6		
1.367		91.1		-195.2		0.02		0.02		0.02		0.02		0.455		99.7		
1.465		92.8		-194.3		0.02		0.02		0.02		0.02		0.425		97.1		
1.563		98.4		-192.1		0.02		0.02		0.02		0.02		0.408		91.0		
1.660		106.7		-194.7		0.02		0.02		0.02		0.02		0.391		89.3		
1.758		108.0		-193.0		0.02		0.02		0.02		0.02		0.368		82.8		
1.855		113.2		-196.1		0.02		0.02		0.02		0.02		0.347		78.9		
1.953		114.5		-193.9		0.02		0.02		0.02		0.02		0.334		75.8		
2.051		117.9		-194.3		0.02		0.02		0.02		0.02		0.315		72.8		
2.148		124.4		-195.6		0.02		0.02		0.02		0.02		0.309		70.2		
2.246		127.5		-195.6		0.02		0.03		0.02		0.02		0.298		65.4		
2.344		129.2		-192.1		0.02		0.02		0.02		0.02		0.264		58.5		
2.441		134.4		-192.6		0.02		0.02		0.02		0.02		0.250		55.0		
2.539		140.1		-189.5		0.02		0.02		0.02		0.02		0.212		46.8		
2.637		145.3		-187.3		0.02		0.02		0.02		0.02		0.190		40.7		
2.734		150.0		-184.2		0.02		0.02		0.02		0.02		0.137		32.9		
2.832		151.8		-182.1		0.02		0.02		0.02		0.02		0.123		24.7		
2.930		158.3		-178.6		0.02		0.02		0.02		0.02		0.099		21.2		
3.027		162.2		-172.0		0.02		0.02		0.02		0.02		0.053		13.4		
3.125		163.0		-172.9		0.02		0.02		0.02		0.02		0.034		7.4		
3.223		166.5		-168.5		0.02		0.02		0.02		0.02		0.004		0.4		
3.320		170.0		-161.5		0.02		0.02		0.02		0.02		-0.002		0.0		
3.418		172.1		-156.7		0.02		0.02		0.02		0.02		-0.002		-0.9		
3.516		179.5		-152.3		0.02		0.01		0.02		0.02		-0.017		-2.6		
3.613		178.6		-150.5		0.02		0.01		0.01		0.02		-0.019		-0.9		
3.711		181.2		-144.4		0.02		0.01		0.01		0.02		-0.019		-1.7		
3.809		183.4		-140.9		0.02		0.01		0.02		0.01		-0.011		-1.3		
3.906		187.3		-137.9		0.02		0.02		0.02		0.01		-0.006		0.4		
4.004		185.6		-132.6		0.02		0.01		0.02		0.02		-0.015		0.0		
4.102		189.9		-131.7		0.02		0.03		0.02		0.02		-0.006		-1.3		
4.199		186.4		-125.2		0.02		0.01		0.01		0.02		-0.017		-3.0		
4.297		192.5		-119.9		0.02		0.01		0.02		0.02		-0.017		-2.6		
4.395		179.5		-102.4		3.68		0.02		0.01		0.02		0.400		94.5		
4.492		187.8		-110.7		3.68		0.02		0.01		0.02		0.474		104.9		
4.590		191.2		-107.2		3.68		0.02		0.01		0.02		0.442		101.4		
4.688		196.0		-102.8		3.68		0.02		0.01		0.02		0.434		98.4		
4.785		194.7		-97.6		3.68		0.02		0.01		0.02		0.419		96.6		
4.883		193.8		-94.1		3.68		0.02		0.01		0.02		0.408		91.9		
4.980		196.0		-91.5		3.68		0.02		0.01		0.02		0.398		88.8		
5.078		193.0		-85.3		3.69		0.02		0.01		0.02		0.385		86.2		
5.176		192.5		-83.2		3.68		0.02		0.01		0.02		0.360		79.7		
5.273		197.3		-78.8		3.68		0.02		0.01		0.02		0.341		74.1		
5.371		194.3		-72.6		3.68		0.02		0.01		0.02		0.315		71.9		
5.469		194.7		-68.3		3.68		0.02		0.01		0.02		0.298		68.0		
5.566		193.4		-66.5		3.69		0.02		0.01		0.02		0.292		66.7		
5.664		193.0		-62.1		3.69		0.03		0.01		0.02		0.271		57.6		
5.762		192.5		-56.0		3.68		0.02		0.01		0.02		0.241		52.4		
5.859		190.4		-48.6		3.69		0.03		0.01		0.02		0.214		45.9		
5.957		189.5		-39.4		3.68		0.03		0.01		0.02		0.176		39.4		
6.055		186.0		-34.1		3.68		0.02		0.01		0.02		0.161		34.7		
6.152		177.8		-27.1		3.69		0.03		0.02		0.02		0.121		26.4		
6.250		181.2		-23.2		3.69		0.03		0.01		0.02		0.085		20.8		
6.348		177.8		-14.9		3.68		0.03		0.01		0.02		0.068		16.5		
6.445		173.9		-10.1		3.69		0.03		0.01		0.02		0.032		8.2		
6.543		169.5		-1.8		3.69		0.03		0.01		0.02		0.000		0.0		
6.641		162.6		5.3		3.68		0.01		0.01		0.02		-0.013		0.9		
6.738		157.8		14.9		3.69		0.03		0.02		0.02		0.000		-1.7		
6.836		153.1		21.0		3.69		0.03		0.01		0.02		0.004		-3.5		
6.934		149.6		31.1		3.69		0.03		0.02		0.02		0.002		-0.4		
7.031		146.1		39.4		3.69		0.03		0.02		0.02		0.006		0.4		
7.129		143.5		42.9		3.69		0.03		0.02		0.02		0.004		1.3		
7.227		140.1		48.6		3.69		0.03		0.02		0.02		0.006		0.9		
7.324		135.7		53.8		3.69		0.03		0.02		0.02		0.008		0.4		
7.422		127.9		59.1		3.69		0.03		0.01		0.02		0.011		1.7		
7.520		125.3		65.2		3.69		0.03		0.02		0.02		-0.002		0.9		
7.617		121.8		68.3		3.69		0.03		0.01		0.02		-0.002		3.5		
7.715		82.0		93.7		3.69		3.69		0.02		0.02		0.338		77.6		
7.813		111.9		81.0		3.69		3.69		0.02		0.02		0.467		105.3		
7.910		107.5		88.4		3.69		3.69		0.02		0.02		0.472		103.6		
8.008		105.4		90.6		3.69		3.69		0.01		0.01		0.434		100.5		
8.105		101.0		96.7		3.69		3.69		0.01		0.02		0.436		94.9		
8.203		94.1		100.2		3.69		3.69		0.01		0.02		0.421		96.2		
8.301		93.2		105.5		3.69		3.69		0.01		0.01		0.385		88.0		
8.398		88.5		107.7		3.68		3.69		0.01		0.01		0.370		88.0		
8.496		87.2		114.2		3.69		3.69		0.01		0.01		0.364		82.3		
8.594		83.7		117.3		3.69		3.69		0.01		0.01		0.353		77.1		
8.691		78.5		123.0		3.68		3.69		0.01		0.01		0.332		75.8		
8.789		74.6		125.6		3.69		3.69		0.01		0.02		0.319		70.6		
8.887		71.5		126.9		3.69		3.69		0.01		0.01		0.302		69.8		
8.984		64.6		130.9		3.68		3.69		0.01		0.01		0.281		62.8		
9.082		59.0		132.6		3.69		3.69		0.01		0.01		0.250		57.2		
9.180		49.9		137.4		3.69		3.69		0.01		0.01		0.218		52.0		
9.277		44.7		144.9		3.69		3.69		0.01		0.01		0.190		42.9		
9.375		36.9		147.5		3.69		3.69		0.01		0.01		0.159		36.8		
9.473		33.0		153.2		3.68		3.69		0.01		0.01		0.123		32.1		
9.570		26.4		156.2		3.69		3.69		0.01		0.01		0.108		22.1		
9.668		20.4		161.5		3.68		3.69		0.01		0.01		0.068		13.4		
9.766		11.7		165.9		3.69		3.69		0.01		0.01		0.036		7.8		
9.863		-0.4		166.7		3.69		3.69		0.01		0.02		0.013		1.3		
9.961		-8.2		168.5		3.69		3.68		0.01		0.01		-0.013		-0.4		
10.059		-19.1		171.1		3.69		3.69		0.01		0.02		-0.002		0.0		
10.156		-23.0		176.4		3.68		3.68		0.01		0.02		-0.011		0.0		
10.254		-32.1		181.2		3.69		3.69		0.01		0.01		-0.008		3.0		
10.352		-34.3		179.0		3.69		3.68		0.01		0.01		-0.017		0.9		
10.449		-42.9		183.8		3.69		3.69		0.01		0.01		0.004		0.9		
10.547		-46.8		182.9		3.69		3.68		0.01		0.01		-0.011		-1.3		
10.645		-51.6		188.2		3.69		3.69		0.01		0.01		0.008		0.0		
10.742		-54.6		186.4		3.69		3.69		0.01		0.02		-0.006		0.0		
10.840		-63.7		189.5		3.69		3.69		0.01		0.01		0.004		3.0		
10.938		-66.8		190.4		3.69		3.69		0.01		0.01		-0.006		0.0		
11.035		-72.0		188.2		0.02		3.69		3.69		0.02		0.080		5.6		
11.133		-78.0		193.4		0.02		3.69		3.68		0.01		0.457		105.7		
11.230		-85.4		193.9		0.02		3.69		3.68		0.01		0.455		107.5		
11.328		-89.8		193.4		0.02		3.69		3.68		0.02		0.442		100.1		
11.426		-91.1		194.7		0.02		3.69		3.68		0.02		0.429		96.6		
11.523		-98.9		192.1		0.02		3.69		3.68		0.01		0.406		96.2		
11.621		-103.2		190.8		0.02		3.69		3.68		0.02		0.383		88.4		
11.719		-109.3		194.3		0.02		3.69		3.68		0.01		0.374		85.8		
11.816		-113.2		197.8		0.02		3.69		3.68		0.01		0.351		80.6		
11.914		-112.7		193.0		0.02		3.69		3.68		0.01		0.347		81.0		
12.012		-119.7		197.4		0.02		3.69		3.68		0.01		0.324		71.9		
12.109		-121.4		196.5		0.02		3.69		3.68		0.01		0.300		69.8		
12.207		-124.9		194.7		0.02		3.69		3.68		0.01		0.292		65.4		
12.305		-130.9		193.9		0.02		3.69		3.68		0.01		0.267		61.5		
12.402		-133.1		188.2		0.02		3.69		3.68		0.01		0.243		55.5		
12.500		-137.5		187.7		0.02		3.69		3.68		0.01		0.214		48.1		
12.598		-144.0		189.5		0.02		3.69		3.68		0.01		0.186		42.5		
12.695		-146.1		184.2		0.02		3.69		3.68		0.01		0.163		35.1		
12.793		-150.0		180.7		0.02		3.69		3.68		0.02		0.133		29.5		
12.891		-153.5		179.9		0.02		3.69		3.68		0.01		0.097		21.2		
12.988		-158.3		175.9		0.02		3.69		3.68		0.02		0.063		16.5		
13.086		-163.5		171.6		0.02		3.69		3.68		0.01		0.040		11.3		
13.184		-166.5		169.4		0.02		3.69		3.68		0.02		0.002		4.3		
13.281		-168.7		161.5		0.02		3.69		3.68		0.01		0.000		1.3		
13.379		-171.3		159.3		0.02		3.68		3.68		0.01		-0.021		1.3		
13.477		-173.9		158.4		0.02		3.70		3.68		0.02		0.000		-1.3		
13.574		-179.5		149.7		0.02		3.69		3.68		0.02		-0.006		1.7		
13.672		-180.8		145.3		0.02		3.69		3.68		0.02		-0.002		-1.7		
13.770		-184.7		143.5		0.02		3.69		3.68		0.01		-0.004		0.0		
13.867		-185.6		140.0		0.02		3.69		3.68		0.02		0.002		-2.2		
13.965		-188.2		137.0		0.02		3.69		3.68		0.02		-0.002		-2.2		
14.063		-189.1		130.9		0.02		3.69		3.68		0.01		0.002		-0.4		
14.160		-189.9		126.5		0.02		3.69		3.68		0.01		-0.004		0.4		
14.258		-191.7		119.9		0.02		3.69		3.68		0.01		0.013		0.0		
14.355		-192.1		119.0		0.02		0.03		3.68		3.69		-0.002		0.0		
14.453		-193.8		112.9		0.02		0.02		3.68		3.69		0.461		107.0		
14.551		-191.7		105.0		0.02		0.02		3.69		3.69		0.465		102.7		
14.648		-193.8		104.2		0.01		0.03		3.68		3.69		0.444		103.6		
14.746		-195.6		99.3		0.02		0.03		3.68		3.69		0.421		98.8		
14.844		-196.0		97.2		0.01		0.02		3.68		3.69		0.410		92.3		
14.941		-195.6		92.3		0.01		0.02		3.68		3.69		0.393		89.3		
15.039		-196.4		86.7		0.02		0.02		3.68		3.69		0.368		85.8		
15.137		-196.0		84.0		0.01		0.02		3.68		3.69		0.355		81.9		
15.234		-194.7		78.3		0.01		0.02		3.68		3.69		0.347		74.5		
15.332		-196.0		72.2		0.02		0.03		3.68		3.69		0.317		73.2		
15.430		-196.0		70.5		0.02		0.02		3.68		3.69		0.311		71.5		
15.527		-195.6		67.8		0.02		0.02		3.68		3.69		0.298		64.6		
15.625		-193.0		62.1		0.01		0.02		3.68		3.69		0.281		63.3		
15.723		-193.0		42.5		0.01		0.02		3.68		3.69		0.247		57.6		
15.820		-192.1		53.0		0.01		0.03		3.68		3.69		0.207		50.3		
15.918		-184.7		45.1		0.01		0.02		3.68		3.69		0.188		42.0		
16.016		-186.4		38.9		0.01		0.03		3.68		3.69		0.163		36.8		
16.113		-180.4		30.6		0.01		0.03		3.68		3.69		0.131		32.1		
16.211		-181.2		20.6		0.01		0.02		3.68		3.69		0.099		23.8		
16.309		-179.5		16.6		0.02		0.02		3.68		3.69		0.087		19.1		
16.406		-173.9		14.4		0.02		0.03		3.68		3.69		0.051		12.1		
16.504		-169.5		3.9		0.02		0.03		3.68		3.69		0.015		4.3		
16.602		-168.2		-4.4		0.01		0.01		3.68		3.69		-0.013		-1.3		
16.699		-161.3		-11.4		0.02		0.03		3.68		3.69		0.000		-0.4		
16.797		-159.1		-21.4		0.02		0.03		3.68		3.69		-0.004		0.0		
16.895		-150.5		-28.4		0.02		0.03		3.68		3.69		-0.006		-2.2		
16.992		-146.6		-36.8		0.02		0.01		3.68		3.69		-0.013		0.0		
17.090		-146.6		-41.1		0.01		0.02		3.68		3.69		-0.002		-1.3		
17.188		-138.3		-47.7		0.01		0.02		3.68		3.68		-0.006		2.2		
17.285		-136.6		-52.1		0.01		0.02		3.68		3.68		0.002		-0.4		
17.383		-131.4		-57.3		0.01		0.02		3.68		3.69		-0.008		-0.4		
17.480		-129.2		-62.6		0.01		0.02		3.68		3.69		0.002		-0.4		
17.578		-124.0		-66.5		0.01		0.03		3.68		3.68		0.004		0.9		
17.676		-120.1		-73.1		0.01		0.02		2.42		3.68		-0.004		0.4		
17.773		-111.4		-81.8		0.01		0.02		0.02		3.69		0.461		106.2		
17.871		-108.0		-88.0		0.01		0.02		0.02		3.69		0.463		106.2		
17.969		-108.0		-88.0		0.02		0.03		0.02		3.69		0.446		103.1		
18.066		-102.3		-93.7		0.01		0.02		0.02		3.69		0.434		98.8		
18.164		-100.2		-100.7		0.02		0.03		0.02		3.69		0.404		94.9		
18.262		-96.3		-101.5		0.01		0.02		0.02		3.69		0.400		91.0		
18.359		-90.6		-108.5		0.01		0.02		0.02		3.69		0.391		88.0		
18.457		-87.2		-113.8		0.01		0.02		0.02		3.69		0.357		81.5		
18.555		-82.0		-116.4		0.02		0.02		0.02		3.69		0.347		78.4		
18.652		-79.3		-118.6		0.01		0.02		0.02		3.69		0.343		75.8		
18.750		-76.7		-123.0		0.02		0.02		0.02		3.69		0.324		72.4		
18.848		-72.4		-125.2		0.02		0.03		0.02		3.69		0.302		67.2		
18.945		-66.3		-127.8		0.01		0.02		0.02		3.69		0.292		64.6		
19.043		-63.3		-132.6		0.01		0.03		0.02		3.69		0.258		59.4		
19.141		-55.1		-135.2		0.02		0.02		0.02		3.69		0.233		51.6		
19.238		-45.5		-141.4		0.01		0.02		0.02		3.68		0.199		46.8		
19.336		-41.2		-147.5		0.01		0.02		0.02		3.69		0.173		39.9		
19.434		-34.7		-151.9		0.01		0.02		0.02		3.69		0.137		30.8		
19.531		-24.3		-155.4		0.01		0.02		0.02		3.69		0.097		24.3		
19.629		-16.9		-158.4		0.02		0.02		0.02		3.69		0.082		19.1		
19.727		-14.3		-165.4		0.01		0.02		0.02		3.69		0.053		11.3		
19.824		-2.6		-165.4		0.01		0.02		0.02		3.69		0.027		1.3		
19.922		3.9		-167.2		0.02		0.03		0.02		3.69		-0.004		-2.2		
20.020		13.0		-172.9		0.01		0.02		0.02		3.69		-0.002		2.2		
20.117		19.5		-175.5		0.01		0.02		0.02		3.69		-0.006		-0.4		
20.215		28.2		-177.2		0.01		0.02		0.01		3.69		-0.006		-3.5		
20.313		33.0		-180.7		0.01		0.02		0.02		3.69		0.004		1.3		
20.410		39.9		-182.5		0.01		0.03		0.01		3.69		0.000		1.7		
20.508		42.9		-185.1		0.02		0.02		0.02		3.69		0.000		-0.4		
20.605		49.0		-186.4		0.02		0.02		0.02		3.69		-0.002		-0.4		
20.703		54.6		-188.2		0.01		0.02		0.01		3.69		0.000		-3.5		
20.801		60.3		-189.1		0.02		0.03		0.02		3.69		-0.004		-1.3		
20.898		61.6		-191.2		0.01		0.01		0.02		3.69		-0.013		-1.7		
20.996		68.9		-192.6		0.01		0.02		0.02		3.68		0.004		-1.3		
21.094		79.8		-190.4		0.02		0.02		0.02		0.02		0.463		105.7		
21.191		82.0		-189.9		0.02		0.02		0.02		0.02		0.472		104.4		
21.289		88.5		-190.8		0.02		0.02		0.02		0.02		0.453		103.6		
21.387		92.8		-191.7		0.02		0.02		0.02		0.02		0.425		100.1		
21.484		93.7		-192.1		0.02		0.02		0.02		0.02		0.415		93.2		
21.582		104.1		-192.6		0.02		0.02		0.02		0.02		0.421		89.7		
21.680		103.6		-192.1		0.02		0.02		0.02		0.02		0.379		86.2		
21.777		110.1		-196.9		0.02		0.02		0.02		0.02		0.370		82.3		
21.875		111.0		-194.3		0.02		0.02		0.02		0.02		0.357		79.7		
21.973		117.9		-192.6		0.02		0.02		0.02		0.02		0.330		75.0		
22.070		120.1		-194.7		0.02		0.02		0.02		0.02		0.322		72.8		
22.168		123.1		-194.3		0.02		0.02		0.02		0.02		0.286		70.2		
22.266		128.8		-196.1		0.02		0.02		0.02		0.02		0.290		65.0		
22.363		131.8		-190.8		0.02		0.02		0.02		0.02		0.264		56.3		
22.461		138.3		-189.9		0.02		0.02		0.02		0.02		0.231		52.0		
22.559		140.1		-190.4		0.02		0.03		0.02		0.02		0.190		44.6		
22.656		147.9		-183.4		0.02		0.03		0.02		0.02		0.178		39.9		
22.754		149.6		-183.4		0.02		0.02		0.02		0.02		0.140		30.8		
22.852		152.6		-180.7		0.02		0.02		0.02		0.02		0.112		23.8		
22.949		157.4		-176.8		0.02		0.02		0.02		0.02		0.070		17.3		
23.047		160.0		-172.4		0.02		0.02		0.02		0.02		0.042		13.0		
23.145		164.8		-168.5		0.02		0.03		0.02		0.02		0.019		4.8		
23.242		166.1		-164.6		0.02		0.03		0.01		0.02		0.000		-0.9		
23.340		171.7		-160.6		0.02		0.01		0.02		0.02		-0.011		-1.7		
23.438		175.2		-156.7		0.02		0.02		0.02		0.02		-0.006		-0.9		
23.535		179.1		-151.4		0.02		0.02		0.02		0.02		-0.006		-1.7		
23.633		177.3		-148.4		0.02		0.01		0.02		0.02		-0.017		-1.3		
23.730		183.0		-143.5		0.02		0.03		0.02		0.02		-0.004		-0.4		
23.828		186.4		-140.0		0.02		0.02		0.01		0.01		-0.006		0.9		
23.926		186.0		-135.2		0.02		0.02		0.02		0.02		-0.008		0.4		
24.023		186.0		-133.5		0.02		0.02		0.01		0.02		-0.004		3.0		
24.121		187.8		-124.3		0.02		0.03		0.02		0.02		-0.004		0.0		
24.219		189.1		-126.0		0.02		0.02		0.02		0.02		-0.004		-2.2		
24.316		191.7		-122.1		0.02		0.02		0.02		0.02		0.006		-0.4		
24.414		188.6		-111.2		3.68		0.02		0.01		0.02		0.472		103.6		
24.512		189.5		-108.1		3.68		0.02		0.01		0.02		0.465		104.4		
24.609		190.8		-107.7		3.68		0.02		0.01		0.02		0.457		99.7		
24.707		193.4		-99.8		3.68		0.02		0.01		0.02		0.425		96.6		
24.805		193.0		-98.9		3.69		0.02		0.01		0.02		0.421		96.2		
24.902		196.4		-95.0		3.68		0.02		0.01		0.02		0.393		90.1		
25.000		195.6		-87.5		3.69		0.02		0.01		0.02		0.379		86.2		
25.098		194.7		-82.7		3.69		0.02		0.01		0.02		0.366		83.2		
25.195		195.6		-79.2		3.68		0.02		0.01		0.02		0.334		78.9		
25.293		193.4		-78.3		3.68		0.02		0.01		0.02		0.326		74.1		
25.391		195.6		-70.9		3.68		0.02		0.01		0.02		0.309		71.1		
25.488		194.7		-70.5		3.69		0.02		0.01		0.02		0.298		66.3		
25.586		189.9		-67.8		3.69		0.03		0.01		0.02		0.264		63.3		
25.684		192.5		-58.2		3.68		0.03		0.01		0.02		0.258		59.4		
25.781		192.1		-51.2		3.69		0.02		0.01		0.02		0.222		52.9		
25.879		187.3		-46.8		3.69		0.03		0.01		0.02		0.197		44.2		
25.977		187.3		-37.6		3.68		0.03		0.01		0.02		0.163		37.7		
26.074		186.0		-34.1		3.69		0.02		0.01		0.02		0.131		29.0		
26.172		181.7		-29.3		3.69		0.02		0.01		0.02		0.110		26.0		
26.270		179.9		-23.2		3.68		0.03		0.01		0.02		0.091		19.9		
26.367		174.7		-15.3		3.69		0.03		0.01		0.02		0.053		10.0		
26.465		174.7		-5.7		3.69		0.02		0.01		0.02		0.030		6.5		
26.563		168.7		3.1		3.68		0.03		0.02		0.02		-0.006		-0.4		
26.660		163.0		7.4		3.69		0.01		0.01		0.02		-0.017		0.0		
26.758		161.3		18.4		3.69		0.03		0.01		0.02		-0.004		-0.4		
26.855		151.3		24.1		3.68		0.03		0.02		0.02		0.004		0.0		
26.953		145.3		31.5		3.69		0.03		0.02		0.02		-0.002		0.4		
27.051		146.6		38.9		3.69		0.03		0.01		0.02		0.002		-1.3		
27.148		140.1		43.3		3.69		0.03		0.02		0.02		-0.002		-2.6		
27.246		137.5		50.3		3.69		0.03		0.02		0.02		-0.008		0.0		
27.344		132.2		57.8		3.69		0.03		0.01		0.02		0.006		0.0		
27.441		130.1		61.3		3.69		0.03		0.01		0.02		-0.006		-0.4		
27.539		125.7		64.8		3.69		0.03		0.02		0.02		-0.004		-1.7		
27.637		121.0		74.0		3.69		0.03		0.02		0.02		-0.004		0.0		
27.734		110.1		80.1		3.69		3.69		0.02		0.02		0.455		103.6		
27.832		111.4		82.3		3.69		3.69		0.02		0.02		0.478		105.3		
27.930		104.9		88.0		3.69		3.69		0.01		0.02		0.463		102.7		
28.027		103.6		91.5		3.69		3.69		0.01		0.02		0.442		100.1		
28.125		99.3		95.0		3.69		3.69		0.01		0.01		0.423		97.9		
28.223		92.8		102.4		3.68		3.69		0.01		0.01		0.408		94.5		
28.320		89.3		107.2		3.69		3.69		0.01		0.02		0.389		88.4		
28.418		88.0		109.8		3.69		3.69		0.01		0.02		0.370		88.0		
28.516		83.7		113.3		3.69		3.69		0.01		0.01		0.357		82.8		
28.613		81.1		117.7		3.68		3.69		0.01		0.02		0.343		76.3		
28.711		75.9		120.4		3.69		3.69		0.01		0.02		0.330		73.2		
28.809		73.3		123.9		3.69		3.69		0.01		0.01		0.322		69.3		
28.906		72.4		128.2		3.68		3.69		0.01		0.01		0.305		68.0		
29.004		64.6		133.0		3.68		3.69		0.01		0.01		0.273		64.6		
29.102		57.2		137.4		3.68		3.69		0.01		0.01		0.235		54.2		
29.199		50.7		140.5		3.68		3.69		0.01		0.02		0.207		48.1		
29.297		42.9		147.0		3.69		3.69		0.01		0.02		0.178		42.9		
29.395		34.7		147.5		3.68		3.69		0.01		0.01		0.135		36.0		
29.492		26.4		154.5		3.68		3.69		0.01		0.01		0.114		24.3		
29.590		25.1		157.5		3.69		3.69		0.01		0.02		0.074		20.4		
29.688		14.7		159.7		3.69		3.69		0.01		0.01		0.059		16.0		
29.785		5.6		165.0		3.69		3.69		0.01		0.01		0.021		6.5		
29.883		0.9		166.7		3.69		3.69		0.01		0.02		0.000		0.9		
29.980		-6.5		166.7		3.69		3.69		0.02		0.01		-0.002		-0.4		
30.078		-15.2		170.2		3.68		3.69		0.01		0.01		0.004		-0.4		
30.176		-23.0		175.5		3.69		3.69		0.01		0.01		0.000		1.7		
30.273		-31.7		180.7		3.69		3.68		0.01		0.02		-0.011		-1.3		
30.371		-36.9		182.1		3.68		3.68		0.01		0.01		-0.011		0.0		
30.469		-40.8		182.9		3.69		3.69		0.02		0.02		0.004		-3.0		
30.566		-50.7		182.9		3.69		3.69		0.01		0.01		0.004		2.2		
30.664		-51.6		188.2		3.69		3.68		0.01		0.02		-0.017		0.0		
30.762		-59.4		185.6		3.69		3.69		0.01		0.01		-0.002		-0.4		
30.859		-65.0		188.6		3.69		3.68		0.01		0.01		-0.013		-0.4		
30.957		-67.2		190.8		3.69		3.69		0.01		0.01		-0.004		0.0		
31.055		-83.7		183.4		0.02		3.69		3.68		0.01		0.423		96.6		
31.152		-80.2		192.1		0.02		3.69		3.68		0.01		0.472		104.4		
31.250		-85.4		191.2		0.02		3.69		3.68		0.01		0.451		105.7		
31.348		-91.1		194.3		0.02		3.69		3.68		0.01		0.442		101.0		
31.445		-96.3		195.2		0.02		3.69		3.68		0.01		0.415		94.5		
31.543		-98.9		193.9		0.02		3.69		3.68		0.02		0.419		92.7		
31.641		-104.5		191.7		0.02		3.69		3.68		0.01		0.383		88.4		
31.738		-108.0		193.9		0.02		3.69		3.68		0.02		0.377		83.6		
31.836		-112.3		193.9		0.02		3.69		3.68		0.01		0.347		80.2		
31.934		-119.7		194.3		0.02		3.69		3.68		0.01		0.334		76.7		
32.031		-119.7		193.0		0.02		3.69		3.68		0.01		0.319		73.7		
32.129		-122.7		192.1		0.02		3.69		3.68		0.01		0.300		69.3		
32.227		-125.7		192.1		0.02		3.69		3.68		0.02		0.288		66.3		
32.324		-131.4		196.1		0.02		3.69		3.68		0.01		0.258		61.5		
32.422		-135.3		190.4		0.02		3.69		3.68		0.01		0.241		54.2		
32.520		-140.9		186.9		0.02		3.69		3.68		0.01		0.212		46.8		
32.617		-145.7		188.2		0.02		3.69		3.68		0.01		0.186		41.2		
32.715		-148.7		182.5		0.02		3.69		3.69		0.01		0.146		36.8		
32.813		-154.4		182.9		0.02		3.69		3.68		0.01		0.116		27.3		
32.910		-156.5		176.4		0.02		3.69		3.68		0.01		0.095		20.4		
33.008		-159.6		170.7		0.02		3.69		3.68		0.01		0.068		15.6		
33.105		-164.8		171.6		0.02		3.69		3.68		0.01		0.025		6.1		
33.203		-168.7		165.4		0.02		3.69		3.68		0.02		0.000		0.9		
33.301		-174.3		161.9		0.02		3.69		3.68		0.01		0.004		-1.7		
33.398		-173.4		157.1		0.02		3.68		3.68		0.02		-0.013		0.9		
33.496		-174.3		151.9		0.02		3.69		3.68		0.01		-0.002		-0.4		
33.594		-180.8		147.9		0.02		3.69		3.68		0.01		-0.004		0.4		
33.691		-182.5		144.9		0.02		3.69		3.68		0.01		0.006		-0.4		
33.789		-180.4		140.9		0.02		3.70		3.68		0.02		-0.002		-0.4		
33.887		-187.8		136.1		0.02		3.69		3.68		0.02		0.002		-0.9		
33.984		-185.6		135.7		0.02		3.68		3.69		0.02		-0.013		-0.9		
34.082		-187.8		131.7		0.02		3.69		3.68		0.01		-0.006		0.0		
34.180		-189.5		126.0		0.02		3.70		3.68		0.02		-0.008		-1.7		
34.277		-191.2		122.5		0.02		3.69		3.68		0.01		0.008		2.2		
34.375		-179.5		85.8		0.02		0.03		3.68		3.69		0.341		76.7		
34.473		-189.1		110.7		0.02		0.02		3.68		3.69		0.461		104.0		
34.570		-192.5		106.3		0.02		0.02		3.68		3.69		0.461		104.4		
34.668		-191.2		101.1		0.02		0.03		3.68		3.69		0.427		101.4		
34.766		-196.4		100.2		0.01		0.02		3.69		3.69		0.419		97.5		
34.863		-195.1		96.3		0.02		0.03		3.68		3.69		0.406		91.0		
34.961		-197.7		92.3		0.02		0.02		3.68		3.69		0.385		87.5		
35.059		-194.3		83.6		0.01		0.03		3.68		3.69		0.364		84.1		
35.156		-193.0		81.0		0.01		0.03		3.68		3.69		0.338		81.5		
35.254		-194.3		81.0		0.02		0.02		3.68		3.69		0.341		77.1		
35.352		-194.7		74.0		0.01		0.02		3.68		3.69		0.313		71.5		
35.449		-193.4		69.1		0.02		0.02		3.68		3.69		0.311		68.9		
35.547		-193.4		67.4		0.02		0.02		3.68		3.69		0.273		66.3		
35.645		-193.8		61.3		0.02		0.03		3.68		3.69		0.264		59.4		
35.742		-190.4		57.8		0.02		0.02		3.68		3.69		0.237		55.9		
35.840		-192.5		50.8		0.01		0.02		3.68		3.69		0.212		47.2		
35.938		-186.0		42.0		0.01		0.02		3.69		3.69		0.188		40.7		
36.035		-185.1		38.1		0.02		0.02		3.68		3.69		0.152		36.4		
36.133		-183.0		30.2		0.01		0.02		3.68		3.69		0.125		27.7		
36.230		-179.1		24.1		0.01		0.02		3.68		3.69		0.085		22.1		
36.328		-179.1		14.9		0.01		0.03		3.68		3.69		0.061		13.9		
36.426		-176.0		7.4		0.01		0.02		3.68		3.69		0.042		8.7		
36.523		-170.4		3.9		0.01		0.02		3.68		3.69		-0.002		0.0		
36.621		-162.6		-7.0		0.02		0.03		3.68		3.69		0.000		-1.7		
36.719		-160.0		-15.3		0.01		0.01		3.68		3.69		-0.011		-2.2		
36.816		-154.4		-24.5		0.01		0.01		3.68		3.69		-0.015		-3.9		
36.914		-149.6		-29.3		0.04		0.02		3.68		3.68		0.006		0.4		
37.012		-145.3		-38.1		0.01		0.01		3.68		3.68		-0.015		-1.7		
37.109		-142.2		-45.1		0.01		0.02		3.68		3.69		-0.006		-1.7		
37.207		-140.5		-48.1		0.01		0.03		3.68		3.69		0.002		0.9		
37.305		-132.2		-56.0		0.01		0.02		3.68		3.69		0.002		0.0		
37.402		-133.6		-60.8		0.01		0.03		3.68		3.69		-0.006		0.0		
37.500		-128.3		-63.5		0.01		0.03		3.68		3.69		-0.006		-1.7		
37.598		-122.7		-68.7		0.01		0.02		3.68		3.69		-0.004		0.0		
37.695		-60.7		-96.7		0.01		0.02		0.02		3.69		0.281		63.7		
37.793		-112.3		-80.5		0.01		0.02		0.02		3.69		0.457		107.0		
37.891		-108.8		-87.5		0.01		0.02		0.02		3.69		0.470		103.6		
37.988		-106.2		-91.9		0.01		0.02		0.02		3.68		0.438		99.7		
38.086		-99.3		-96.7		0.02		0.02		0.02		3.69		0.440		96.6		
38.184		-97.6		-100.2		0.02		0.02		0.02		3.69		0.406		92.3		
38.281		-91.9		-102.8		0.02		0.02		0.02		3.69		0.400		90.1		
38.379		-88.9		-109.0		0.02		0.02		0.02		3.69		0.377		87.5		
38.477		-85.4		-112.0		0.02		0.02		0.02		3.69		0.366		80.2		
38.574		-77.6		-116.0		0.01		0.02		0.02		3.69		0.336		76.7		
38.672		-78.5		-117.7		0.01		0.03		0.02		3.69		0.330		76.7		
38.770		-75.0		-121.2		0.02		0.02		0.02		3.69		0.307		72.8		
38.867		-70.7		-124.3		0.01		0.03		0.02		3.69		0.298		66.7		
38.965		-67.6		-129.1		0.01		0.02		0.02		3.69		0.283		59.8		
39.063		-59.0		-133.5		0.01		0.02		0.02		3.69		0.247		57.6		
39.160		-50.3		-138.7		0.01		0.02		0.02		3.69		0.222		50.7		
39.258		-46.8		-143.1		0.02		0.03		0.02		3.69		0.197		42.5		
39.355		-34.7		-151.0		0.01		0.02		0.02		3.68		0.152		34.7		
39.453		-31.7		-152.7		0.01		0.02		0.02		3.69		0.121		27.7		
39.551		-26.4		-156.7		0.01		0.03		0.02		3.69		0.089		18.6		
39.648		-17.8		-161.5		0.02		0.03		0.02		3.69		0.063		16.0		
39.746		-12.1		-161.9		0.01		0.03		0.02		3.69		0.044		7.4		
39.844		-2.6		-162.8		0.02		0.02		0.02		3.69		0.015		2.2		
39.941		4.8		-167.6		0.02		0.02		0.02		3.69		-0.002		-0.4		
40.039		14.7		-170.7		0.01		0.02		0.02		3.69		-0.008		0.4		
40.137		21.7		-175.1		0.01		0.02		0.02		3.68		0.006		-0.4		
40.234		26.9		-178.6		0.02		0.03		0.02		3.69		0.006		0.9		
40.332		37.3		-182.5		0.01		0.02		0.02		3.68		0.006		-0.4		
40.430		42.1		-186.0		0.01		0.02		0.02		3.69		0.017		-0.4		
40.527		46.0		-184.2		0.01		0.02		0.01		3.69		0.000		0.9		
40.625		51.6		-185.1		0.01		0.02		0.02		3.69		0.000		0.0		
40.723		56.8		-189.1		0.02		0.02		0.02		3.69		-0.002		-1.7		
40.820		60.7		-188.2		0.01		0.02		0.02		3.69		0.008		0.9		
40.918		67.2		-191.7		0.01		0.01		0.01		3.69		-0.011		-1.7		
41.016		72.8		-183.4		0.02		0.03		0.02		0.02		0.118		30.8		
41.113		80.7		-193.0		0.02		0.02		0.02		0.01		0.482		107.5		
41.211		83.7		-193.0		0.02		0.02		0.01		0.02		0.470		105.3		
41.309		88.9		-192.1		0.02		0.02		0.02		0.02		0.438		101.8		
41.406		92.4		-195.2		0.02		0.02		0.01		0.02		0.436		97.1		
41.504		99.7		-195.2		0.02		0.02		0.02		0.02		0.410		93.6		
41.602		101.9		-196.1		0.02		0.02		0.02		0.02		0.406		88.4		
41.699		108.4		-198.2		0.02		0.02		0.02		0.02		0.381		85.8		
41.797		112.3		-197.4		0.02		0.02		0.02		0.02		0.362		82.3		
41.895		114.0		-197.4		0.02		0.02		0.02		0.02		0.345		77.1		
41.992		119.7		-197.4		0.02		0.02		0.02		0.02		0.332		75.0		
42.090		121.4		-191.7		0.02		0.02		0.02		0.02		0.313		70.2		
42.188		124.0		-196.1		0.02		0.02		0.02		0.02		0.290		66.7		
42.285		130.1		-192.1		0.02		0.03		0.02		0.02		0.254		61.5		
42.383		134.4		-188.6		0.02		0.02		0.02		0.02		0.250		55.5		
42.480		139.2		-188.6		0.02		0.02		0.02		0.02		0.218		49.4		
42.578		143.5		-188.6		0.02		0.03		0.02		0.02		0.199		42.5		
42.676		144.8		-186.0		0.02		0.02		0.01		0.02		0.176		38.6		
42.773		151.8		-182.9		0.02		0.02		0.02		0.02		0.133		30.3		
42.871		154.4		-180.3		0.02		0.02		0.01		0.02		0.099		24.3		
42.969		157.8		-178.1		0.02		0.02		0.01		0.02		0.072		17.3		
43.066		160.4		-172.0		0.02		0.02		0.02		0.02		0.032		10.8		
43.164		166.9		-169.4		0.02		0.03		0.02		0.02		0.013		1.3		
43.262		169.5		-161.9		0.02		0.02		0.02		0.02		0.002		-2.6		
43.359		172.1		-159.7		0.02		0.02		0.02		0.02		-0.002		-0.4		
43.457		175.6		-154.5		0.02		0.02		0.02		0.02		-0.002		0.0		
43.555		176.0		-148.4		0.02		0.03		0.02		0.02		-0.006		1.3		
43.652		178.6		-147.5		0.02		0.02		0.01		0.02		-0.004		0.4		
43.750		187.3		-142.2		0.02		0.02		0.02		0.02		0.008		0.0		
43.848		183.8		-140.0		0.02		0.02		0.02		0.02		0.000		1.3		
43.945		186.4		-135.7		0.02		0.03		0.02		0.02		0.000		-1.3		
44.043		188.2		-131.7		0.02		0.02		0.02		0.02		0.004		-0.4		
44.141		188.6		-129.5		0.02		0.02		0.02		0.02		-0.002		-3.0		
44.238		190.4		-121.2		0.02		0.02		0.02		0.02		-0.002		-0.4		
44.336		192.1		-117.7		3.68		0.01		0.01		0.01		-0.011		0.4		
44.434		191.7		-112.5		3.68		0.02		0.01		0.02		0.467		105.7		
44.531		192.1		-105.9		3.69		0.02		0.01		0.02		0.461		104.0		
44.629		193.8		-103.7		3.68		0.02		0.01		0.02		0.446		100.1		
44.727		193.8		-100.7		3.68		0.02		0.01		0.02		0.429		96.2		
44.824		193.0		-98.5		3.69		0.02		0.01		0.02		0.423		93.6		
44.922		195.1		-90.6		3.68		0.02		0.01		0.02		0.398		92.3		
45.020		194.3		-89.7		3.68		0.02		0.01		0.02		0.372		84.5		
45.117		197.3		-84.9		3.68		0.02		0.01		0.02		0.364		81.0		
45.215		195.6		-81.4		3.69		0.02		0.01		0.02		0.341		76.7		
45.313		194.7		-75.3		3.68		0.02		0.01		0.02		0.332		74.5		
45.410		193.8		-72.2		3.68		0.02		0.01		0.02		0.307		68.0		
45.508		194.7		-68.3		3.68		0.02		0.01		0.02		0.283		66.3		
45.605		193.8		-66.1		3.68		0.02		0.01		0.02		0.264		62.4		
45.703		190.4		-56.9		3.69		0.02		0.01		0.02		0.252		50.7		
45.801		189.9		-54.3		3.68		0.02		0.01		0.02		0.220		50.3		
45.898		187.3		-44.6		3.68		0.02		0.01		0.02		0.195		41.6		
45.996		184.7		-36.3		3.69		0.03		0.01		0.02		0.163		37.3		
46.094		184.3		-33.3		3.68		0.02		0.01		0.02		0.137		29.9		
46.191		183.4		-23.6		3.68		0.02		0.01		0.02		0.114		22.5		
46.289		177.8		-19.7		3.69		0.03		0.01		0.02		0.076		13.9		
46.387		172.6		-12.7		3.69		0.03		0.01		0.02		0.040		10.0		
46.484		173.0		-3.9		3.69		0.03		0.01		0.02		0.025		3.5		
46.582		170.4		2.6		3.69		0.03		0.02		0.02		0.000		-0.4		
46.680		161.7		12.7		3.69		0.03		0.02		0.02		0.013		-0.9		
46.777		157.8		19.3		3.68		0.03		0.01		0.02		0.000		0.4		
46.875		150.0		24.1		3.69		0.03		0.01		0.02		0.006		0.4		
46.973		145.3		34.1		3.69		0.01		0.02		0.03		-0.011		-2.6		
47.070		143.5		38.1		3.69		0.03		0.02		0.02		0.002		0.9		
47.168		139.2		46.0		3.69		0.01		0.01		0.02		-0.019		1.7		
47.266		135.7		53.4		3.69		0.01		0.01		0.02		-0.011		-2.2		
47.363		130.5		57.3		3.69		0.03		0.02		0.02		-0.004		1.3		
47.461		126.2		60.8		3.69		0.03		0.02		0.02		-0.006		-2.2		
47.559		123.6		67.0		3.69		0.03		0.01		0.02		0.002		0.4		
47.656		120.5		70.5		3.69		0.03		0.01		0.02		-0.002		0.4		
47.754		113.2		81.8		3.69		3.69		0.01		0.02		0.472		104.4		
47.852		109.3		82.7		3.69		3.69		0.01		0.02		0.472		102.3		
47.949		105.8		88.8		3.68		3.69		0.01		0.01		0.446		102.3		
48.047		102.8		90.6		3.69		3.69		0.01		0.02		0.434		100.1		
48.145		96.7		98.0		3.69		3.69		0.01		0.01		0.419		95.3		
48.242		91.9		103.3		3.68		3.69		0.01		0.01		0.396		94.9		
48.340		91.5		109.8		3.69		3.69		0.01		0.01		0.389		86.7		
48.438		86.3		109.8		3.68		3.69		0.01		0.01		0.374		83.6		
48.535		83.7		113.8		3.68		3.69		0.01		0.01		0.360		78.4		
48.633		79.3		118.2		3.69		3.69		0.01		0.01		0.345		74.5		
48.730		74.1		123.0		3.69		3.69		0.01		0.01		0.317		72.4		
48.828		72.4		124.3		3.69		3.69		0.01		0.02		0.313		69.3		
48.926		66.8		127.4		3.69		3.69		0.01		0.01		0.292		67.6		
49.023		60.7		132.6		3.69		3.69		0.01		0.01		0.260		60.2		
49.121		52.5		135.2		3.68		3.69		0.01		0.01		0.235		55.0		
49.219		48.6		140.5		3.69		3.69		0.01		0.02		0.209		46.4		
49.316		40.3		143.5		3.69		3.69		0.01		0.02		0.167		38.6		
49.414		37.3		150.5		3.68		3.69		0.01		0.01		0.137		32.9		
49.512		25.6		154.9		3.69		3.69		0.01		0.02		0.114		25.1		
49.609		22.1		160.2		3.69		3.69		0.02		0.01		0.078		17.3		
49.707		11.3		160.6		3.69		3.69		0.01		0.01		0.061		12.1		
49.805		3.9		163.7		3.69		3.69		0.01		0.02		0.017		3.5		
49.902		-3.0		170.7		3.69		3.69		0.01		0.01		-0.006		-2.6		
