Oscilloscope Trace Export		
Festo Didactic LVDAC-EMS 3.19		
		
		
		Ch1		Ch2		Ch3		Ch4		Ch5		Ch6		Ch7		Ch8		
Time 		E1		E2		AI5		AI1		AI6		AI2		I3		E3		
(ms)		(V)		(V)		(V)		(V)		(V)		(V)		(A)		(V)		
0.000		2.2		-168.5		0.01		0.02		0.02		3.69		0.556		35.4		
0.098		9.1		-169.4		0.02		0.02		0.02		3.69		0.522		32.8		
0.195		15.6		-175.1		0.02		0.03		0.02		3.69		0.474		29.7		
0.293		22.5		-175.5		0.01		0.02		0.02		3.69		0.417		26.8		
0.391		30.4		-179.4		0.01		0.03		0.02		3.69		0.379		23.7		
0.488		34.7		-181.6		0.01		0.02		0.02		3.69		0.324		20.2		
0.586		40.3		-183.8		0.01		0.02		0.02		3.69		0.269		16.8		
0.684		46.0		-184.7		0.01		0.02		0.02		3.69		0.216		13.5		
0.781		50.7		-189.1		0.01		0.02		0.02		3.68		0.167		9.9		
0.879		56.4		-186.0		0.01		0.02		0.02		3.69		0.116		6.5		
0.977		62.0		-187.7		0.01		0.02		0.02		3.69		0.040		2.6		
1.074		71.5		-202.2		0.02		0.02		0.02		0.02		0.080		7.1		
1.172		76.3		-189.9		0.02		0.02		0.02		0.02		0.188		11.7		
1.270		81.1		-190.8		0.02		0.02		0.02		0.02		0.290		17.4		
1.367		85.0		-190.8		0.02		0.02		0.02		0.02		0.362		22.3		
1.465		90.2		-191.2		0.02		0.02		0.02		0.02		0.417		26.6		
1.563		94.1		-193.9		0.02		0.02		0.02		0.02		0.491		30.4		
1.660		98.4		-194.3		0.02		0.02		0.01		0.02		0.550		33.8		
1.758		104.5		-191.2		0.02		0.02		0.02		0.02		0.588		36.5		
1.855		112.7		-194.3		0.02		0.02		0.02		0.02		0.611		38.9		
1.953		114.0		-191.2		0.02		0.02		0.02		0.02		0.652		40.9		
2.051		116.2		-191.2		0.02		0.02		0.02		0.02		0.681		42.6		
2.148		121.0		-193.0		0.02		0.02		0.02		0.02		0.709		44.1		
2.246		122.3		-192.6		0.02		0.02		0.02		0.02		0.726		45.3		
2.344		127.0		-191.2		0.02		0.02		0.01		0.02		0.726		46.1		
2.441		134.0		-190.4		0.02		0.02		0.02		0.02		0.753		46.3		
2.539		137.9		-190.8		0.02		0.02		0.02		0.02		0.740		46.6		
2.637		142.2		-185.6		0.02		0.02		0.02		0.02		0.740		46.6		
2.734		146.6		-186.0		0.02		0.02		0.02		0.02		0.721		45.7		
2.832		147.9		-181.2		0.02		0.02		0.02		0.02		0.726		44.3		
2.930		153.5		-178.1		0.02		0.02		0.01		0.02		0.687		43.1		
3.027		158.3		-175.5		0.01		0.02		0.02		0.01		0.656		41.8		
3.125		161.3		-173.7		0.02		0.02		0.01		0.02		0.635		39.8		
3.223		166.1		-170.7		0.02		0.02		0.02		0.02		0.605		37.5		
3.320		166.1		-166.3		0.02		0.02		0.01		0.02		0.569		35.1		
3.418		171.7		-158.0		0.02		0.02		0.02		0.02		0.506		32.7		
3.516		172.6		-157.5		0.02		0.03		0.02		0.02		0.474		30.0		
3.613		176.0		-151.4		0.02		0.02		0.01		0.02		0.434		27.0		
3.711		179.5		-148.4		0.02		0.02		0.02		0.02		0.387		23.8		
3.809		182.5		-144.4		0.02		0.02		0.01		0.02		0.315		20.6		
3.906		184.7		-139.2		0.02		0.02		0.01		0.02		0.260		16.9		
4.004		186.9		-137.9		0.02		0.02		0.02		0.01		0.222		13.5		
4.102		184.7		-136.1		0.02		0.02		0.02		0.02		0.157		9.9		
4.199		189.1		-130.0		0.02		0.02		0.02		0.02		0.114		6.4		
4.297		188.2		-126.0		0.02		0.02		0.02		0.01		0.030		2.6		
4.395		190.4		-114.7		3.68		0.02		0.01		0.02		0.044		0.2		
4.492		191.7		-114.7		3.68		0.02		0.01		0.02		0.165		10.1		
4.590		189.1		-109.8		3.68		0.02		0.01		0.02		0.260		15.5		
4.688		191.7		-106.3		3.69		0.02		0.01		0.02		0.334		20.8		
4.785		194.7		-102.4		3.69		0.03		0.01		0.02		0.404		25.2		
4.883		191.7		-98.5		3.69		0.03		0.01		0.02		0.461		28.9		
4.980		192.5		-90.2		3.69		0.02		0.01		0.02		0.508		32.2		
5.078		189.9		-90.6		3.68		0.02		0.01		0.02		0.554		35.0		
5.176		193.4		-84.0		3.69		0.02		0.01		0.02		0.603		37.7		
5.273		196.0		-79.2		3.68		0.02		0.01		0.02		0.626		39.4		
5.371		194.3		-74.0		3.68		0.02		0.01		0.02		0.662		41.1		
5.469		195.1		-70.5		3.69		0.02		0.01		0.02		0.690		42.8		
5.566		193.8		-68.3		3.69		0.02		0.01		0.02		0.707		43.8		
5.664		195.1		-61.3		3.68		0.02		0.01		0.02		0.717		44.7		
5.762		188.6		-60.4		3.69		0.02		0.01		0.02		0.728		45.3		
5.859		191.7		-50.8		3.69		0.02		0.01		0.02		0.723		45.3		
5.957		189.1		-49.0		3.68		0.02		0.01		0.02		0.713		45.4		
6.055		183.4		-37.6		3.69		0.02		0.01		0.02		0.704		44.4		
6.152		182.5		-33.3		3.69		0.02		0.01		0.02		0.681		43.5		
6.250		179.9		-25.4		3.69		0.02		0.01		0.02		0.668		42.2		
6.348		178.6		-21.4		3.69		0.02		0.01		0.02		0.656		40.8		
6.445		175.2		-13.1		3.69		0.02		0.01		0.02		0.620		39.0		
6.543		171.7		-9.2		3.69		0.02		0.02		0.02		0.588		36.8		
6.641		166.9		3.1		3.69		0.02		0.02		0.02		0.561		34.7		
6.738		161.3		7.9		3.69		0.02		0.02		0.02		0.512		32.0		
6.836		157.4		14.4		3.69		0.03		0.01		0.02		0.470		29.5		
6.934		153.9		22.3		3.69		0.03		0.01		0.02		0.417		26.2		
7.031		148.7		30.2		3.69		0.03		0.02		0.02		0.368		23.0		
7.129		147.0		32.8		3.69		0.02		0.01		0.02		0.317		19.8		
7.227		144.8		41.1		3.69		0.03		0.01		0.02		0.262		16.5		
7.324		140.1		46.0		3.69		0.03		0.02		0.02		0.190		12.9		
7.422		135.3		49.0		3.69		0.03		0.02		0.02		0.163		9.6		
7.520		131.4		56.0		3.69		0.03		0.01		0.02		0.106		5.7		
7.617		129.6		63.9		3.69		0.03		0.02		0.02		0.034		2.1		
7.715		133.1		68.3		3.69		3.70		0.02		0.02		0.032		7.4		
7.813		114.0		74.8		3.69		3.69		0.02		0.02		0.148		9.1		
7.910		111.9		81.4		3.69		3.70		0.02		0.01		0.237		14.7		
8.008		108.4		86.7		3.69		3.69		0.02		0.01		0.317		19.9		
8.105		106.7		91.0		3.69		3.69		0.01		0.01		0.391		24.9		
8.203		99.3		98.0		3.69		3.69		0.02		0.02		0.446		28.3		
8.301		94.5		99.8		3.69		3.69		0.01		0.02		0.510		32.0		
8.398		91.9		105.0		3.69		3.69		0.01		0.01		0.556		34.8		
8.496		88.5		109.4		3.69		3.69		0.01		0.01		0.616		37.8		
8.594		82.0		117.7		3.69		3.69		0.01		0.01		0.643		39.5		
8.691		80.2		117.7		3.69		3.69		0.01		0.01		0.656		41.6		
8.789		73.3		119.0		3.69		3.69		0.01		0.01		0.677		43.3		
8.887		73.3		125.6		3.68		3.69		0.01		0.02		0.709		44.5		
8.984		68.1		127.4		3.69		3.69		0.01		0.01		0.715		45.7		
9.082		62.0		131.7		3.69		3.69		0.01		0.01		0.734		46.0		
9.180		51.6		133.9		3.69		3.69		0.01		0.02		0.749		46.4		
9.277		49.9		140.5		3.69		3.69		0.01		0.01		0.723		46.6		
9.375		43.8		144.4		3.69		3.69		0.01		0.01		0.732		46.1		
9.473		35.1		151.4		3.69		3.69		0.01		0.01		0.715		45.1		
9.570		29.9		152.7		3.69		3.69		0.01		0.01		0.698		43.8		
9.668		22.1		157.5		3.69		3.69		0.01		0.01		0.677		42.6		
9.766		16.0		161.9		3.69		3.69		0.01		0.01		0.645		40.6		
9.863		10.0		165.9		3.69		3.69		0.01		0.01		0.628		38.6		
9.961		2.2		167.6		3.69		3.69		0.01		0.01		0.594		36.5		
10.059		-3.0		167.2		3.69		3.69		0.02		0.02		0.542		33.8		
10.156		-12.6		169.8		3.69		3.69		0.01		0.01		0.480		31.6		
10.254		-20.8		172.0		3.69		3.69		0.01		0.01		0.448		28.0		
10.352		-26.4		179.4		3.69		3.69		0.01		0.01		0.387		25.0		
10.449		-33.8		178.1		3.69		3.69		0.01		0.01		0.341		21.6		
10.547		-39.9		182.5		3.69		3.69		0.01		0.02		0.288		18.2		
10.645		-42.1		185.1		3.69		3.69		0.01		0.01		0.237		14.8		
10.742		-47.3		184.7		3.69		3.69		0.01		0.01		0.186		11.5		
10.840		-55.5		184.2		3.69		3.69		0.01		0.02		0.118		7.5		
10.938		-59.8		190.4		3.69		3.69		0.01		0.01		0.070		4.0		
11.035		-64.2		184.2		0.02		3.69		3.68		0.02		0.019		0.5		
11.133		-72.0		189.9		0.02		3.69		3.68		0.02		0.152		8.7		
11.230		-79.3		186.4		0.02		3.69		3.68		0.02		0.245		14.9		
11.328		-86.3		191.2		0.02		3.69		3.68		0.02		0.319		20.1		
11.426		-87.6		192.1		0.02		3.69		3.68		0.01		0.393		24.8		
11.523		-93.2		193.9		0.02		3.69		3.68		0.02		0.451		28.6		
11.621		-99.3		193.0		0.02		3.69		3.68		0.02		0.514		32.3		
11.719		-104.1		191.7		0.02		3.69		3.69		0.01		0.561		35.2		
11.816		-105.8		193.0		0.02		3.69		3.68		0.02		0.597		37.7		
11.914		-113.2		192.1		0.02		3.69		3.68		0.01		0.637		40.0		
12.012		-117.9		194.7		0.02		3.69		3.68		0.02		0.671		41.6		
12.109		-120.1		192.6		0.02		3.69		3.68		0.02		0.685		43.2		
12.207		-123.6		193.9		0.02		3.69		3.68		0.01		0.692		44.4		
12.305		-127.5		189.9		0.02		3.69		3.68		0.01		0.717		45.6		
12.402		-130.9		190.4		0.02		3.69		3.68		0.01		0.734		46.1		
12.500		-137.0		186.4		0.02		3.69		3.68		0.01		0.730		46.1		
12.598		-139.6		186.4		0.02		3.69		3.68		0.01		0.730		46.0		
12.695		-144.8		182.5		0.02		3.69		3.68		0.02		0.717		45.3		
12.793		-152.2		182.5		0.02		3.69		3.68		0.02		0.709		44.3		
12.891		-153.1		180.7		0.02		3.69		3.68		0.01		0.685		43.2		
12.988		-156.1		179.4		0.02		3.69		3.69		0.01		0.671		41.8		
13.086		-159.1		174.2		0.02		3.69		3.68		0.01		0.624		39.9		
13.184		-161.7		168.1		0.02		3.69		3.68		0.02		0.609		37.8		
13.281		-166.5		165.9		0.02		3.69		3.68		0.01		0.567		35.5		
13.379		-170.8		161.5		0.02		3.69		3.68		0.01		0.537		33.0		
13.477		-173.0		161.5		0.02		3.69		3.68		0.02		0.484		30.5		
13.574		-175.6		158.4		0.02		3.69		3.68		0.02		0.421		27.8		
13.672		-176.9		148.4		0.02		3.69		3.68		0.02		0.387		24.5		
13.770		-179.1		129.5		0.02		3.69		3.68		0.02		0.326		21.2		
13.867		-183.4		140.0		0.02		3.69		3.69		0.02		0.283		18.0		
13.965		-187.3		140.9		0.02		3.69		3.68		0.02		0.228		14.5		
14.063		-186.9		136.5		0.02		3.69		3.68		0.01		0.182		11.1		
14.160		-185.1		133.9		0.01		3.69		3.69		0.02		0.118		7.4		
14.258		-187.8		128.2		0.02		3.69		3.69		0.02		0.057		3.5		
14.355		-192.5		122.5		0.02		0.03		3.68		3.69		0.000		0.0		
14.453		-189.9		117.7		0.01		0.03		3.69		3.69		0.129		8.1		
14.551		-189.5		109.4		0.02		0.03		3.69		3.69		0.222		13.5		
14.648		-191.7		108.5		0.01		0.03		3.68		3.69		0.294		18.9		
14.746		-193.4		101.1		0.01		0.03		3.68		3.69		0.374		23.1		
14.844		-195.1		94.1		0.02		0.02		3.68		3.69		0.444		27.3		
14.941		-191.7		93.2		0.02		0.02		3.69		3.69		0.487		30.8		
15.039		-195.1		90.6		0.01		0.02		3.68		3.69		0.544		33.8		
15.137		-191.7		86.7		0.02		0.03		3.68		3.69		0.577		36.3		
15.234		-192.5		79.6		0.01		0.03		3.68		3.69		0.605		38.6		
15.332		-194.7		77.0		0.02		0.02		3.69		3.69		0.658		40.4		
15.430		-195.1		72.6		0.01		0.02		3.68		3.69		0.666		42.1		
15.527		-195.6		70.0		0.02		0.02		3.68		3.69		0.677		43.4		
15.625		-195.1		63.9		0.02		0.02		3.69		3.69		0.698		43.8		
15.723		-189.5		60.4		0.01		0.02		3.68		3.69		0.715		44.3		
15.820		-192.5		55.6		0.02		0.02		3.68		3.69		0.721		44.9		
15.918		-185.1		48.1		0.01		0.02		3.68		3.69		0.709		44.9		
16.016		-184.3		41.1		0.02		0.02		3.68		3.69		0.698		44.6		
16.113		-184.3		33.7		0.02		0.02		3.68		3.69		0.700		43.4		
16.211		-181.2		26.3		0.01		0.02		3.68		3.69		0.664		42.3		
16.309		-179.1		19.3		0.02		0.02		3.69		3.69		0.654		40.8		
16.406		-174.3		14.0		0.01		0.02		3.68		3.69		0.624		39.4		
16.504		-173.4		9.2		0.01		0.02		3.68		3.69		0.582		37.3		
16.602		-168.7		1.3		0.02		0.02		3.68		3.69		0.554		34.8		
16.699		-165.6		-3.9		0.01		0.02		3.68		3.69		0.518		32.6		
16.797		-161.7		-14.0		0.01		0.02		3.68		3.69		0.463		29.6		
16.895		-155.2		-21.0		0.01		0.02		3.68		3.69		0.412		26.9		
16.992		-150.9		-29.8		0.01		0.02		3.68		3.69		0.374		23.9		
17.090		-149.6		-33.7		0.01		0.02		3.68		3.69		0.336		20.6		
17.188		-146.6		-41.6		0.01		0.03		3.68		3.69		0.279		17.2		
17.285		-139.2		-45.5		0.01		0.02		3.68		3.69		0.216		13.6		
17.383		-134.9		-48.6		0.01		0.02		3.68		3.69		0.163		10.2		
17.480		-134.9		-54.3		0.01		0.02		3.68		3.69		0.102		6.5		
17.578		-129.2		-59.5		0.02		0.03		3.68		3.69		0.057		2.8		
17.676		-125.3		-67.8		0.01		0.01		2.36		3.69		-0.013		0.0		
17.773		-116.6		-71.8		0.02		0.02		0.02		3.69		0.099		7.1		
17.871		-111.4		-80.1		0.01		0.02		0.02		3.69		0.216		13.4		
17.969		-108.4		-86.2		0.01		0.02		0.01		3.69		0.309		18.2		
18.066		-105.8		-88.8		0.01		0.02		0.02		3.69		0.381		23.1		
18.164		-99.3		-93.7		0.02		0.02		0.02		3.69		0.436		27.3		
18.262		-96.7		-96.7		0.01		0.02		0.02		3.69		0.497		30.7		
18.359		-91.5		-103.3		0.01		0.02		0.02		3.69		0.548		33.5		
18.457		-88.5		-109.0		0.01		0.02		0.02		3.69		0.573		36.8		
18.555		-82.8		-114.7		0.01		0.02		0.02		3.69		0.613		38.9		
18.652		-82.0		-116.4		0.02		0.02		0.02		3.69		0.660		40.9		
18.750		-75.4		-123.0		0.02		0.02		0.02		3.69		0.677		42.9		
18.848		-73.7		-123.4		0.01		0.02		0.02		3.69		0.709		43.8		
18.945		-70.2		-125.2		0.02		0.02		0.02		3.69		0.732		45.1		
19.043		-65.5		-130.9		0.02		0.02		0.02		3.69		0.736		45.9		
19.141		-56.4		-138.3		0.01		0.02		0.02		3.69		0.742		46.7		
19.238		-51.6		-140.5		0.01		0.02		0.02		3.69		0.742		46.0		
19.336		-42.1		-143.1		0.01		0.02		0.02		3.69		0.728		45.9		
19.434		-37.3		-152.3		0.01		0.02		0.02		3.69		0.707		44.8		
19.531		-29.9		-154.5		0.02		0.02		0.02		3.69		0.700		44.0		
19.629		-23.4		-154.9		0.01		0.02		0.02		3.69		0.677		42.3		
19.727		-18.2		-159.7		0.01		0.02		0.02		3.69		0.647		40.9		
19.824		-13.9		-163.2		0.02		0.02		0.02		3.69		0.622		38.9		
19.922		-1.7		-165.4		0.02		0.02		0.02		3.69		0.573		36.6		
20.020		4.8		-168.5		0.01		0.02		0.02		3.69		0.552		34.4		
20.117		13.4		-173.7		0.01		0.02		0.02		3.69		0.508		31.9		
20.215		17.8		-173.3		0.01		0.02		0.02		3.69		0.459		29.0		
20.313		24.3		-178.6		0.01		0.02		0.02		3.69		0.417		25.6		
20.410		32.1		-177.7		0.01		0.02		0.02		3.69		0.360		22.4		
20.508		36.9		-182.9		0.01		0.02		0.02		3.69		0.298		19.0		
20.605		42.1		-185.1		0.01		0.02		0.02		3.69		0.241		15.6		
20.703		46.8		-182.9		0.01		0.02		0.02		3.69		0.192		12.2		
20.801		50.7		-185.6		0.02		0.02		0.02		3.69		0.133		8.6		
20.898		59.0		-186.0		0.01		0.02		0.02		3.69		0.078		5.0		
20.996		61.6		-190.8		0.02		0.02		0.02		3.69		0.023		1.7		
21.094		68.5		-184.7		0.02		0.02		0.02		0.02		0.123		6.7		
21.191		75.9		-191.2		0.02		0.02		0.02		0.02		0.220		13.8		
21.289		82.4		-190.8		0.02		0.02		0.02		0.02		0.313		18.8		
21.387		87.6		-193.0		0.02		0.02		0.02		0.02		0.381		23.8		
21.484		92.8		-190.4		0.02		0.02		0.02		0.02		0.436		27.7		
21.582		95.0		-191.2		0.02		0.02		0.02		0.02		0.510		31.7		
21.680		101.5		-194.3		0.02		0.02		0.02		0.02		0.550		34.5		
21.777		106.7		-193.0		0.02		0.02		0.02		0.02		0.601		37.5		
21.875		109.3		-194.3		0.02		0.02		0.01		0.02		0.622		39.7		
21.973		115.3		-190.8		0.02		0.02		0.02		0.02		0.654		41.7		
22.070		117.9		-193.4		0.02		0.02		0.02		0.02		0.690		43.3		
22.168		124.0		-192.6		0.02		0.02		0.02		0.02		0.702		44.5		
22.266		124.0		-192.1		0.02		0.02		0.02		0.02		0.719		45.7		
22.363		131.4		-193.4		0.02		0.02		0.02		0.02		0.728		46.2		
22.461		135.7		-189.1		0.02		0.02		0.02		0.02		0.736		46.1		
22.559		136.6		-188.6		0.02		0.02		0.01		0.02		0.738		46.2		
22.656		144.0		-186.4		0.02		0.02		0.02		0.02		0.726		46.1		
22.754		146.6		-181.2		0.02		0.02		0.02		0.02		0.717		45.3		
22.852		150.5		-181.2		0.02		0.02		0.02		0.02		0.711		44.2		
22.949		156.5		-177.2		0.02		0.02		0.02		0.02		0.679		42.7		
23.047		158.7		-175.9		0.02		0.02		0.02		0.02		0.647		41.0		
23.145		160.0		-172.4		0.02		0.02		0.02		0.01		0.605		39.3		
23.242		164.3		-170.7		0.02		0.02		0.02		0.02		0.588		37.0		
23.340		166.9		-162.8		0.02		0.02		0.02		0.02		0.554		34.7		
23.438		173.9		-162.8		0.02		0.02		0.02		0.02		0.512		31.7		
23.535		171.7		-156.7		0.02		0.02		0.02		0.02		0.467		29.1		
23.633		179.1		-151.9		0.02		0.02		0.02		0.01		0.400		25.8		
23.730		177.8		-146.6		0.02		0.02		0.02		0.02		0.360		22.7		
23.828		183.4		-140.5		0.02		0.02		0.02		0.02		0.300		19.0		
23.926		185.1		-140.0		0.02		0.02		0.02		0.02		0.254		15.6		
24.023		181.7		-136.1		0.02		0.02		0.02		0.02		0.190		12.1		
24.121		186.9		-132.6		0.02		0.02		0.02		0.02		0.140		8.5		
24.219		185.6		-130.4		0.02		0.02		0.02		0.02		0.074		5.0		
24.316		186.9		-127.4		0.02		0.02		0.02		0.02		0.011		1.2		
24.414		189.9		-116.4		3.69		0.02		0.01		0.02		0.082		5.9		
24.512		188.6		-111.2		3.69		0.02		0.01		0.02		0.195		11.8		
24.609		190.8		-106.3		3.69		0.02		0.01		0.02		0.281		17.4		
24.707		189.5		-104.2		3.69		0.02		0.01		0.02		0.351		22.2		
24.805		192.1		-101.1		3.69		0.02		0.01		0.02		0.423		26.2		
24.902		190.4		-97.6		3.69		0.02		0.01		0.02		0.480		30.1		
25.000		190.4		-91.9		3.68		0.02		0.01		0.02		0.529		33.0		
25.098		193.0		-90.2		3.69		0.02		0.01		0.02		0.580		35.9		
25.195		194.7		-81.0		3.68		0.02		0.01		0.02		0.607		38.3		
25.293		190.8		-77.5		3.69		0.02		0.01		0.02		0.649		40.1		
25.391		192.1		-74.8		3.69		0.02		0.01		0.02		0.664		41.8		
25.488		194.3		-70.9		3.68		0.02		0.01		0.02		0.685		43.0		
25.586		192.1		-67.4		3.68		0.02		0.01		0.02		0.713		44.2		
25.684		189.9		-62.1		3.69		0.02		0.01		0.02		0.713		44.7		
25.781		190.4		-56.9		3.69		0.02		0.01		0.02		0.715		45.2		
25.879		186.0		-52.1		3.68		0.02		0.01		0.02		0.707		45.3		
25.977		186.0		-41.6		3.69		0.02		0.01		0.02		0.709		44.9		
26.074		180.8		-37.2		3.69		0.02		0.02		0.02		0.704		44.1		
26.172		183.8		-30.2		3.68		0.02		0.01		0.02		0.698		43.2		
26.270		178.6		-23.2		3.69		0.02		0.01		0.02		0.677		41.7		
26.367		176.5		-16.6		3.69		0.02		0.01		0.02		0.637		40.3		
26.465		173.4		-9.2		3.69		0.02		0.02		0.02		0.609		38.2		
26.563		171.7		-3.5		3.69		0.03		0.02		0.02		0.571		35.9		
26.660		166.1		3.5		3.69		0.03		0.01		0.02		0.544		33.6		
26.758		160.9		10.1		3.69		0.03		0.01		0.02		0.495		31.1		
26.855		159.1		18.4		3.69		0.03		0.02		0.02		0.446		28.2		
26.953		153.1		28.4		3.69		0.03		0.02		0.02		0.396		25.3		
27.051		150.0		31.9		3.69		0.02		0.02		0.02		0.345		21.8		
27.148		144.0		37.6		3.69		0.03		0.02		0.02		0.294		18.6		
27.246		140.1		42.0		3.69		0.02		0.02		0.02		0.245		15.5		
27.344		138.8		49.0		3.69		0.03		0.01		0.02		0.195		11.6		
27.441		134.4		52.1		3.69		0.03		0.02		0.02		0.118		8.4		
27.539		129.6		60.4		3.69		0.03		0.02		0.02		0.082		4.9		
27.637		126.6		62.6		3.69		0.02		0.01		0.02		0.019		0.6		
27.734		115.3		70.5		3.69		3.70		0.02		0.02		0.068		3.1		
27.832		113.6		81.0		3.69		3.69		0.02		0.01		0.173		10.9		
27.930		112.7		82.7		3.69		3.70		0.02		0.02		0.271		16.5		
28.027		108.0		88.0		3.69		3.69		0.01		0.02		0.336		21.5		
28.125		103.2		92.8		3.69		3.69		0.01		0.01		0.408		25.8		
28.223		98.0		95.4		3.69		3.69		0.01		0.01		0.470		29.8		
28.320		94.1		95.8		3.69		3.69		0.02		0.02		0.525		32.5		
28.418		90.6		106.8		3.69		3.69		0.01		0.02		0.567		35.4		
28.516		86.3		109.0		3.69		3.69		0.01		0.01		0.616		38.4		
28.613		81.5		116.0		3.69		3.69		0.01		0.01		0.649		40.3		
28.711		75.9		118.2		3.69		3.69		0.01		0.01		0.664		42.1		
28.809		75.4		122.1		3.69		3.69		0.01		0.02		0.692		43.6		
28.906		71.1		124.3		3.69		3.69		0.01		0.01		0.719		44.7		
29.004		65.0		128.7		3.69		3.69		0.01		0.01		0.723		45.5		
29.102		59.8		131.3		3.69		3.69		0.01		0.02		0.740		46.4		
29.199		54.6		137.9		3.69		3.69		0.01		0.01		0.745		46.7		
29.297		46.4		138.7		3.69		3.69		0.01		0.01		0.740		46.3		
29.395		40.3		144.9		3.69		3.69		0.01		0.01		0.732		46.0		
29.492		31.2		151.9		3.69		3.69		0.01		0.01		0.707		44.8		
29.590		26.4		156.7		3.69		3.69		0.01		0.01		0.677		43.2		
29.688		19.5		157.5		3.68		3.69		0.01		0.01		0.660		41.9		
29.785		12.6		162.4		3.69		3.69		0.01		0.02		0.643		40.0		
29.883		5.6		165.4		3.69		3.69		0.01		0.01		0.592		37.9		
29.980		1.3		169.8		3.69		3.69		0.01		0.01		0.569		35.6		
30.078		-7.4		168.1		3.69		3.69		0.01		0.01		0.527		33.0		
30.176		-16.0		173.7		3.69		3.69		0.02		0.02		0.482		30.2		
30.273		-22.5		179.9		3.69		3.69		0.01		0.02		0.427		26.9		
30.371		-31.7		176.8		3.69		3.69		0.01		0.01		0.385		24.0		
30.469		-36.0		180.7		3.69		3.69		0.02		0.02		0.332		20.5		
30.566		-43.4		183.8		3.69		3.69		0.01		0.01		0.264		16.8		
30.664		-46.0		182.1		3.69		3.69		0.01		0.01		0.205		13.4		
30.762		-53.3		184.2		3.69		3.69		0.01		0.01		0.150		10.0		
30.859		-57.2		187.3		3.69		3.69		0.02		0.01		0.108		6.5		
30.957		-60.7		187.7		3.69		3.69		0.01		0.01		0.042		2.7		
31.055		-72.4		182.5		0.02		3.69		3.69		0.01		0.074		4.9		
31.152		-78.0		189.1		0.02		3.69		3.68		0.02		0.178		10.9		
31.250		-82.0		192.1		0.02		3.69		3.69		0.01		0.264		16.7		
31.348		-86.3		194.3		0.02		3.69		3.69		0.01		0.336		21.5		
31.445		-89.3		192.6		0.02		3.69		3.68		0.01		0.425		25.9		
31.543		-97.1		193.9		0.02		3.69		3.68		0.01		0.474		29.6		
31.641		-96.7		189.9		0.02		3.69		3.68		0.02		0.520		32.9		
31.738		-102.8		189.1		0.02		3.69		3.69		0.01		0.580		36.0		
31.836		-108.4		192.6		0.02		3.69		3.68		0.01		0.607		38.2		
31.934		-113.6		195.2		0.02		3.69		3.68		0.02		0.641		40.5		
32.031		-115.8		192.1		0.02		3.69		3.68		0.02		0.690		42.1		
32.129		-118.8		192.6		0.02		3.69		3.68		0.01		0.698		43.6		
32.227		-125.3		190.4		0.02		3.69		3.68		0.02		0.707		44.7		
32.324		-127.5		192.6		0.02		3.69		3.68		0.01		0.707		45.4		
32.422		-132.2		192.1		0.02		3.69		3.68		0.02		0.717		45.4		
32.520		-140.1		186.4		0.02		3.69		3.69		0.02		0.736		46.0		
32.617		-140.9		184.7		0.02		3.69		3.68		0.01		0.721		45.8		
32.715		-142.7		182.1		0.02		3.69		3.68		0.01		0.719		45.1		
32.813		-149.2		181.6		0.02		3.69		3.68		0.02		0.704		44.3		
32.910		-152.2		178.1		0.02		3.69		3.68		0.02		0.679		42.8		
33.008		-158.7		176.4		0.02		3.69		3.68		0.01		0.658		41.3		
33.105		-161.7		172.4		0.02		3.69		3.68		0.02		0.626		39.6		
33.203		-165.6		168.9		0.02		3.69		3.68		0.02		0.573		37.1		
33.301		-166.1		163.7		0.02		3.69		3.68		0.02		0.554		34.9		
33.398		-172.6		161.5		0.02		3.69		3.68		0.01		0.506		32.1		
33.496		-173.0		159.3		0.02		3.69		3.68		0.02		0.465		29.2		
33.594		-176.0		153.6		0.02		3.69		3.68		0.02		0.425		26.5		
33.691		-180.8		149.7		0.02		3.69		3.68		0.01		0.368		23.3		
33.789		-179.1		146.6		0.02		3.69		3.69		0.01		0.315		19.8		
33.887		-185.6		142.7		0.02		3.69		3.68		0.02		0.260		16.6		
33.984		-183.0		137.0		0.02		3.69		3.68		0.01		0.203		13.3		
34.082		-186.9		135.7		0.02		3.69		3.69		0.02		0.163		9.6		
34.180		-187.3		127.4		0.02		3.69		3.68		0.02		0.093		5.9		
34.277		-188.6		126.0		0.02		3.69		3.68		0.01		0.025		2.3		
34.375		-200.3		125.2		0.02		0.03		3.69		3.69		0.044		-0.8		
34.473		-191.2		114.7		0.02		0.03		3.69		3.69		0.159		9.6		
34.570		-193.0		108.1		0.02		0.03		3.69		3.69		0.250		15.4		
34.668		-191.2		103.7		0.02		0.02		3.69		3.69		0.328		20.0		
34.766		-193.4		99.3		0.02		0.02		3.68		3.69		0.393		24.6		
34.863		-193.8		93.7		0.02		0.03		3.69		3.69		0.453		28.6		
34.961		-193.8		91.9		0.04		0.03		3.68		3.69		0.497		32.0		
35.059		-195.6		87.1		0.02		0.02		3.68		3.69		0.563		34.3		
35.156		-193.8		84.5		0.02		0.02		3.68		3.69		0.592		37.2		
35.254		-192.5		77.5		0.01		0.03		3.68		3.69		0.632		39.3		
35.352		-193.4		74.8		0.01		0.02		3.68		3.69		0.637		40.8		
35.449		-193.0		72.6		0.02		0.02		3.68		3.69		0.677		42.4		
35.547		-190.4		68.7		0.02		0.02		3.68		3.69		0.683		43.3		
35.645		-189.5		61.3		0.02		0.02		3.68		3.69		0.696		44.4		
35.742		-190.8		58.2		0.02		0.02		3.69		3.69		0.709		44.6		
35.840		-189.1		52.5		0.01		0.02		3.68		3.69		0.719		44.5		
35.938		-189.1		46.4		0.02		0.02		3.68		3.69		0.696		44.5		
36.035		-186.4		38.5		0.02		0.03		3.68		3.69		0.709		43.9		
36.133		-183.4		32.8		0.01		0.02		3.68		3.69		0.681		43.1		
36.230		-177.8		27.1		0.02		0.02		3.68		3.69		0.660		41.6		
36.328		-179.9		19.7		0.01		0.02		3.68		3.69		0.645		40.3		
36.426		-173.4		11.4		0.01		0.02		3.68		3.69		0.611		38.5		
36.523		-174.3		3.9		0.02		0.03		3.68		3.69		0.571		36.4		
36.621		-166.1		-2.2		0.02		0.02		3.68		3.69		0.544		34.1		
36.719		-162.2		-12.3		0.01		0.02		3.68		3.69		0.503		31.6		
36.816		-159.1		-14.9		0.01		0.03		3.68		3.69		0.461		28.7		
36.914		-154.8		-22.8		0.01		0.02		3.68		3.69		0.410		25.8		
37.012		-147.9		-29.8		0.01		0.03		3.68		3.69		0.351		22.7		
37.109		-147.0		-35.9		0.01		0.02		3.68		3.69		0.307		19.0		
37.207		-144.8		-41.6		0.01		0.02		3.68		3.69		0.247		16.0		
37.305		-135.3		-45.1		0.01		0.02		3.68		3.69		0.205		12.4		
37.402		-135.3		-52.1		0.01		0.02		3.68		3.69		0.144		8.7		
37.500		-132.7		-60.0		0.01		0.02		3.68		3.69		0.095		5.2		
37.598		-128.3		-63.9		0.01		0.03		3.68		3.69		0.025		1.7		
37.695		-130.5		-70.0		0.01		0.02		0.02		3.68		0.042		2.0		
37.793		-116.6		-77.9		0.01		0.02		0.02		3.69		0.142		9.0		
37.891		-111.9		-83.2		0.01		0.02		0.02		3.69		0.239		15.0		
37.988		-108.0		-85.8		0.01		0.02		0.02		3.69		0.313		20.1		
38.086		-104.1		-90.2		0.02		0.02		0.02		3.69		0.389		24.5		
38.184		-101.0		-97.2		0.01		0.02		0.02		3.69		0.446		28.4		
38.281		-95.8		-101.5		0.02		0.02		0.02		3.69		0.503		32.2		
38.379		-88.5		-102.4		0.01		0.02		0.02		3.69		0.554		34.9		
38.477		-86.7		-110.7		0.01		0.02		0.02		3.69		0.584		37.7		
38.574		-81.5		-114.2		0.02		0.02		0.02		3.69		0.630		39.9		
38.672		-79.8		-119.9		0.01		0.02		0.02		3.69		0.660		41.8		
38.770		-75.9		-119.9		0.02		0.02		0.02		3.69		0.681		43.2		
38.867		-72.4		-123.0		0.01		0.02		0.02		3.69		0.698		44.4		
38.965		-63.7		-126.9		0.01		0.02		0.02		3.69		0.717		45.5		
39.063		-57.2		-130.4		0.01		0.02		0.02		3.69		0.740		46.0		
39.160		-54.2		-135.2		0.02		0.02		0.02		3.69		0.730		46.1		
39.258		-49.4		-139.6		0.01		0.03		0.02		3.69		0.732		46.0		
39.355		-40.3		-146.6		0.01		0.02		0.02		3.69		0.728		45.6		
39.453		-35.6		-149.7		0.02		0.02		0.02		3.69		0.717		44.7		
39.551		-29.1		-156.7		0.02		0.02		0.02		3.69		0.683		43.5		
39.648		-20.8		-156.7		0.01		0.02		0.02		3.69		0.675		41.9		
39.746		-17.3		-161.5		0.01		0.02		0.02		3.69		0.630		40.2		
39.844		-7.4		-161.9		0.01		0.02		0.02		3.69		0.611		38.3		
39.941		0.0		-168.5		0.01		0.02		0.02		3.69		0.586		35.7		
40.039		7.4		-169.8		0.02		0.02		0.02		3.69		0.520		33.2		
40.137		12.6		-171.6		0.01		0.02		0.02		3.69		0.501		30.6		
40.234		19.5		-176.8		0.01		0.02		0.01		3.69		0.434		27.6		
40.332		23.0		-178.6		0.01		0.02		0.02		3.69		0.389		24.3		
40.430		33.0		-179.9		0.01		0.02		0.02		3.69		0.343		21.2		
40.527		42.5		-182.1		0.01		0.02		0.02		3.69		0.292		17.6		
40.625		42.9		-184.7		0.01		0.02		0.02		3.69		0.231		14.2		
40.723		47.7		-184.7		0.01		0.02		0.02		3.69		0.173		10.9		
40.820		55.9		-186.4		0.01		0.02		0.01		3.69		0.116		7.5		
40.918		58.1		-188.2		0.01		0.03		0.02		3.69		0.053		3.6		
41.016		55.9		-158.9		0.02		0.03		0.02		0.02		0.047		33.2		
41.113		75.0		-189.5		0.02		0.02		0.01		0.02		0.165		9.9		
41.211		79.8		-190.4		0.02		0.02		0.02		0.02		0.247		15.2		
41.309		83.7		-191.7		0.02		0.02		0.02		0.02		0.336		20.4		
41.406		87.6		-190.8		0.01		0.02		0.02		0.02		0.410		25.1		
41.504		93.2		-192.1		0.02		0.02		0.02		0.02		0.465		29.0		
41.602		98.0		-196.1		0.02		0.02		0.02		0.02		0.522		32.4		
41.699		102.3		-195.2		0.02		0.02		0.02		0.02		0.571		35.1		
41.797		107.1		-191.7		0.02		0.02		0.02		0.02		0.599		37.9		
41.895		111.9		-192.1		0.02		0.02		0.02		0.02		0.643		40.2		
41.992		116.2		-193.9		0.02		0.02		0.02		0.02		0.668		42.0		
42.090		117.9		-193.4		0.02		0.02		0.02		0.02		0.694		43.7		
42.188		123.1		-191.7		0.02		0.02		0.02		0.02		0.707		44.8		
42.285		127.0		-193.0		0.02		0.02		0.02		0.02		0.721		45.7		
42.383		129.2		-191.7		0.02		0.02		0.02		0.02		0.732		46.0		
42.480		137.5		-191.7		0.02		0.02		0.02		0.02		0.742		46.8		
42.578		139.6		-183.4		0.02		0.02		0.02		0.02		0.734		46.7		
42.676		144.0		-185.6		0.02		0.02		0.02		0.02		0.723		45.7		
42.773		147.9		-183.4		0.02		0.02		0.02		0.02		0.711		45.3		
42.871		152.2		-178.6		0.02		0.02		0.02		0.02		0.690		43.7		
42.969		157.0		-178.6		0.02		0.02		0.02		0.02		0.662		42.1		
43.066		162.2		-174.2		0.02		0.02		0.01		0.02		0.637		40.4		
43.164		166.5		-171.6		0.02		0.02		0.02		0.02		0.618		38.5		
43.262		166.1		-166.7		0.02		0.02		0.02		0.02		0.567		36.2		
43.359		169.5		-160.6		0.02		0.02		0.02		0.02		0.527		33.5		
43.457		177.3		-159.7		0.02		0.02		0.02		0.02		0.482		30.9		
43.555		176.5		-154.0		0.02		0.02		0.02		0.02		0.448		27.8		
43.652		177.8		-149.7		0.02		0.02		0.01		0.02		0.402		24.5		
43.750		183.0		-147.0		0.02		0.02		0.01		0.02		0.345		21.2		
43.848		183.8		-141.8		0.02		0.02		0.02		0.02		0.269		17.7		
43.945		187.8		-138.3		0.02		0.02		0.02		0.02		0.216		14.4		
44.043		187.8		-136.5		0.02		0.02		0.02		0.02		0.169		10.8		
44.141		186.9		-131.7		0.02		0.02		0.02		0.02		0.118		7.2		
44.238		187.3		-128.7		0.02		0.02		0.02		0.02		0.055		3.8		
44.336		188.6		-125.2		3.69		0.03		0.01		0.02		0.004		0.0		
44.434		190.4		-115.5		3.68		0.03		0.01		0.02		0.140		7.9		
44.531		190.4		-114.2		3.68		0.03		0.01		0.02		0.239		13.9		
44.629		192.1		-105.0		3.69		0.02		0.01		0.02		0.300		19.3		
44.727		190.8		-101.5		3.69		0.02		0.01		0.02		0.381		23.5		
44.824		191.7		-96.3		3.69		0.02		0.01		0.02		0.451		27.6		
44.922		193.8		-95.0		3.69		0.02		0.01		0.02		0.495		31.1		
45.020		191.7		-88.4		3.69		0.02		0.01		0.02		0.548		34.3		
45.117		193.8		-84.0		3.69		0.03		0.01		0.02		0.586		36.6		
45.215		196.4		-81.4		3.68		0.02		0.01		0.02		0.624		38.7		
45.313		195.1		-78.3		3.69		0.02		0.02		0.02		0.639		40.7		
45.410		193.4		-70.9		3.69		0.02		0.01		0.02		0.685		42.2		
45.508		192.5		-69.1		3.69		0.02		0.01		0.02		0.696		43.5		
45.605		192.5		-67.0		3.69		0.02		0.01		0.02		0.709		44.4		
45.703		192.5		-57.3		3.69		0.02		0.01		0.02		0.723		44.9		
45.801		191.2		-51.6		3.69		0.02		0.01		0.02		0.709		45.0		
45.898		186.0		-50.8		3.69		0.02		0.01		0.02		0.719		45.0		
45.996		186.0		-42.5		3.69		0.02		0.01		0.02		0.715		44.8		
46.094		183.4		-36.8		3.69		0.02		0.01		0.02		0.696		43.7		
46.191		181.7		-27.6		3.69		0.02		0.01		0.02		0.677		42.7		
46.289		178.6		-21.0		3.69		0.02		0.01		0.02		0.647		41.4		
46.387		174.7		-14.4		3.69		0.02		0.01		0.02		0.637		39.4		
46.484		170.4		-9.2		3.69		0.02		0.01		0.02		0.605		37.5		
46.582		168.2		-0.9		3.69		0.02		0.02		0.02		0.558		35.5		
46.680		165.6		7.9		3.69		0.03		0.02		0.02		0.516		32.7		
46.777		160.0		12.7		3.69		0.03		0.01		0.02		0.480		30.1		
46.875		157.4		18.4		3.69		0.03		0.01		0.02		0.446		27.4		
46.973		153.9		25.4		3.69		0.03		0.01		0.02		0.385		23.9		
47.070		148.3		33.3		3.69		0.03		0.02		0.02		0.322		21.0		
47.168		142.7		42.9		3.69		0.02		0.02		0.02		0.286		17.3		
47.266		138.8		46.0		3.69		0.03		0.02		0.02		0.228		14.1		
47.363		134.4		49.0		3.69		0.03		0.02		0.02		0.163		10.6		
47.461		129.6		53.8		3.69		0.03		0.02		0.02		0.104		6.7		
47.559		130.9		60.4		3.69		0.03		0.02		0.02		0.042		3.4		
47.656		126.6		64.8		3.69		0.03		0.02		0.02		-0.008		-0.4		
47.754		115.8		74.0		3.69		3.69		0.02		0.02		0.097		7.1		
47.852		116.2		76.1		3.69		3.69		0.01		0.02		0.214		12.9		
47.949		106.7		88.0		3.69		3.70		0.01		0.02		0.296		18.4		
48.047		105.4		90.6		3.69		3.69		0.01		0.01		0.377		22.8		
48.145		100.2		91.5		3.68		3.69		0.01		0.02		0.432		27.2		
48.242		94.5		97.6		3.69		3.69		0.01		0.01		0.487		30.8		
48.340		89.8		102.8		3.69		3.69		0.01		0.01		0.537		33.8		
48.438		89.3		106.3		3.69		3.69		0.01		0.02		0.584		36.6		
48.535		81.5		110.3		3.69		3.69		0.01		0.01		0.607		38.8		
48.633		78.9		114.7		3.69		3.69		0.01		0.01		0.647		41.1		
48.730		77.2		118.2		3.69		3.69		0.01		0.01		0.679		42.6		
48.828		72.4		123.0		3.69		3.69		0.01		0.02		0.702		44.0		
48.926		69.8		125.2		3.69		3.69		0.01		0.01		0.719		45.0		
49.023		66.3		129.5		3.68		3.69		0.01		0.01		0.734		45.9		
49.121		59.0		131.7		3.69		3.69		0.01		0.01		0.738		46.2		
49.219		53.8		139.2		3.69		3.69		0.01		0.01		0.740		46.6		
49.316		46.4		142.7		3.69		3.69		0.01		0.01		0.734		46.1		
49.414		38.2		145.7		3.69		3.69		0.02		0.01		0.719		45.2		
49.512		31.2		150.5		3.69		3.69		0.01		0.01		0.707		44.2		
49.609		25.6		157.1		3.69		3.69		0.01		0.02		0.677		42.6		
49.707		16.9		158.4		3.69		3.69		0.01		0.02		0.643		41.2		
49.805		10.4		162.4		3.69		3.69		0.01		0.01		0.626		39.2		
49.902		3.0		165.4		3.69		3.69		0.01		0.01		0.588		36.8		
