Oscilloscope Trace Export		
Festo Didactic LVDAC-EMS 3.19		
		
		
		Ch1		Ch2		Ch3		Ch4		Ch5		Ch6		Ch7		Ch8		
Time 		E1		E2		AI5		AI1		AI6		AI2		I3		E3		
(ms)		(V)		(V)		(V)		(V)		(V)		(V)		(A)		(V)		
0.000		30.8		-169.8		0.02		0.02		0.02		0.02		0.664		160.3		
0.098		13.0		-165.4		0.02		0.02		0.02		0.02		0.728		146.0		
0.195		26.4		-168.9		0.02		0.02		0.02		0.02		0.770		140.8		
0.293		29.9		-171.1		0.02		0.02		0.02		0.02		0.812		134.3		
0.391		37.7		-175.1		0.02		0.02		0.02		0.02		0.852		130.9		
0.488		45.1		-178.1		0.02		0.02		0.02		0.02		0.895		127.4		
0.586		49.0		-180.7		0.02		0.02		0.02		0.02		0.954		123.5		
0.684		54.2		-178.1		0.02		0.02		0.02		0.02		0.973		120.9		
0.781		62.9		-184.7		0.02		0.02		0.02		0.02		1.034		114.4		
0.879		64.6		-182.5		0.02		0.02		0.02		0.02		1.058		114.0		
0.977		71.1		-187.3		0.02		0.02		0.02		0.02		1.094		107.5		
1.074		77.6		-186.0		0.02		0.02		0.02		0.02		1.108		102.7		
1.172		80.7		-187.3		0.02		0.02		0.02		0.02		1.123		99.7		
1.270		87.6		-187.3		0.02		0.02		0.02		0.02		1.134		93.6		
1.367		91.5		-191.2		0.02		0.02		0.02		0.02		1.149		91.0		
1.465		93.2		-189.1		0.02		0.02		0.02		0.02		1.138		87.5		
1.563		97.1		-191.2		0.02		0.02		0.01		0.02		1.142		86.7		
1.660		104.5		-191.2		0.02		0.02		0.02		0.02		1.121		80.2		
1.758		105.4		-193.9		0.02		0.02		0.02		0.02		1.108		78.4		
1.855		112.3		-192.1		0.02		0.02		0.02		0.02		1.091		71.9		
1.953		117.9		-192.1		0.02		0.02		0.02		0.02		1.091		68.0		
2.051		118.4		-192.6		0.02		0.02		0.02		0.02		1.096		65.0		
2.148		122.3		-193.4		0.02		0.02		0.02		0.02		1.081		61.5		
2.246		123.6		-188.2		0.02		0.02		0.02		0.02		1.053		57.2		
2.344		131.4		-193.4		0.02		0.02		0.02		0.02		1.066		53.7		
2.441		135.3		-188.6		0.02		0.02		0.02		0.02		1.030		50.3		
2.539		139.6		-186.4		0.02		0.02		0.02		0.02		0.996		43.8		
2.637		143.1		-186.4		0.02		0.02		0.02		0.02		0.943		34.2		
2.734		146.1		-178.6		0.02		0.02		0.02		0.02		0.910		29.5		
2.832		151.8		-180.7		0.02		0.02		0.02		0.02		0.838		22.5		
2.930		154.4		-176.8		0.02		0.02		0.02		0.02		0.778		18.2		
3.027		160.9		-175.1		0.02		0.02		0.02		0.02		0.707		12.6		
3.125		163.5		-166.7		0.02		0.02		0.02		0.02		0.639		3.9		
3.223		165.6		-166.7		0.02		0.02		0.02		0.02		0.569		-1.7		
3.320		133.1		-160.2		3.68		0.02		0.01		0.02		0.626		140.0		
3.418		162.2		-152.3		3.68		0.02		0.01		0.02		0.704		145.6		
3.516		169.1		-144.4		3.68		0.02		0.01		0.02		0.776		141.7		
3.613		172.1		-144.0		3.68		0.02		0.01		0.02		0.848		136.5		
3.711		175.2		-138.7		3.68		0.02		0.01		0.02		0.912		131.7		
3.809		176.5		-136.5		3.68		0.02		0.01		0.02		0.939		129.1		
3.906		179.1		-133.9		3.68		0.02		0.01		0.02		0.971		125.2		
4.004		179.9		-126.0		3.68		0.02		0.02		0.02		1.005		120.9		
4.102		183.0		-125.2		3.68		0.02		0.01		0.02		1.011		114.0		
4.199		186.9		-117.3		3.68		0.02		0.01		0.02		1.036		112.2		
4.297		184.7		-113.8		3.68		0.02		0.01		0.02		1.041		109.2		
4.395		186.9		-111.2		3.68		0.02		0.01		0.02		1.064		105.3		
4.492		191.7		-105.0		3.68		0.02		0.01		0.02		1.060		102.3		
4.590		186.9		-101.5		3.68		0.02		0.01		0.02		1.108		95.3		
4.688		189.9		-98.9		3.68		0.02		0.01		0.02		1.106		92.3		
4.785		189.9		-97.2		3.68		0.02		0.01		0.02		1.140		87.5		
4.883		188.2		-91.9		3.68		0.02		0.01		0.02		1.149		85.8		
4.980		190.8		-88.4		3.68		0.02		0.01		0.02		1.168		81.9		
5.078		192.1		-82.7		3.68		0.02		0.01		0.02		1.159		75.0		
5.176		194.3		-79.6		3.68		0.02		0.02		0.02		1.149		73.2		
5.273		193.4		-76.1		3.69		0.02		0.01		0.02		1.138		73.2		
5.371		195.1		-73.1		3.68		0.02		0.01		0.02		1.108		67.6		
5.469		193.0		-69.1		3.68		0.02		0.01		0.02		1.070		64.1		
5.566		192.1		-68.7		3.69		0.02		0.01		0.02		1.034		60.7		
5.664		188.2		-61.3		3.69		0.02		0.01		0.02		1.013		56.3		
5.762		192.5		-54.3		3.68		0.02		0.01		0.02		0.977		48.5		
5.859		186.9		-47.3		3.68		0.02		0.01		0.02		0.948		43.3		
5.957		183.4		-43.3		3.69		0.02		0.01		0.02		0.912		38.6		
6.055		181.2		-34.6		3.68		0.02		0.01		0.02		0.880		28.2		
6.152		179.1		-27.6		3.69		0.02		0.02		0.02		0.859		23.8		
6.250		181.2		-21.4		3.68		0.02		0.01		0.02		0.795		18.6		
6.348		177.3		-17.5		3.69		0.02		0.01		0.02		0.768		12.1		
6.445		170.4		-6.6		3.69		0.02		0.01		0.02		0.709		7.8		
6.543		169.5		-1.8		3.68		0.03		0.01		0.02		0.641		-3.5		
6.641		127.0		38.5		3.68		3.69		0.01		0.01		0.687		157.7		
6.738		150.0		20.1		3.69		3.69		0.01		0.01		0.738		146.5		
6.836		145.7		20.6		3.69		3.69		0.02		0.02		0.795		142.6		
6.934		145.7		29.3		3.69		3.69		0.01		0.02		0.838		140.0		
7.031		140.5		35.4		3.69		3.69		0.02		0.02		0.852		134.8		
7.129		133.6		42.5		3.69		3.69		0.02		0.01		0.907		129.1		
7.227		132.2		47.7		3.69		3.69		0.02		0.02		0.922		124.8		
7.324		127.9		56.5		3.69		3.69		0.02		0.02		0.960		119.2		
7.422		121.0		61.3		3.69		3.69		0.02		0.02		0.990		117.0		
7.520		119.2		65.6		3.69		3.69		0.02		0.02		1.020		115.7		
7.617		115.3		71.8		3.69		3.69		0.01		0.02		1.047		107.9		
7.715		111.4		76.6		3.69		3.69		0.02		0.02		1.102		102.7		
7.813		108.8		82.7		3.69		3.69		0.01		0.02		1.130		98.8		
7.910		103.2		84.9		3.69		3.69		0.02		0.02		1.163		97.9		
8.008		101.0		89.3		3.69		3.69		0.02		0.02		1.172		93.2		
8.105		98.0		94.5		3.69		3.69		0.02		0.02		1.178		92.7		
8.203		93.2		98.5		3.69		3.69		0.02		0.02		1.174		88.0		
8.301		88.0		105.5		3.69		3.69		0.01		0.02		1.166		84.5		
8.398		87.2		109.4		3.68		3.69		0.01		0.01		1.151		80.2		
8.496		81.5		111.2		3.69		3.69		0.01		0.01		1.119		76.3		
8.594		77.2		114.2		3.69		3.69		0.01		0.01		1.098		74.1		
8.691		74.6		117.3		3.68		3.69		0.01		0.01		1.062		68.0		
8.789		68.9		123.0		3.69		3.69		0.01		0.01		1.064		67.2		
8.887		69.4		124.7		3.69		3.69		0.01		0.01		1.047		62.8		
8.984		65.0		129.1		3.68		3.69		0.01		0.01		1.047		60.2		
9.082		58.1		133.5		3.69		3.69		0.01		0.01		1.030		52.4		
9.180		53.8		138.7		3.68		3.69		0.01		0.01		1.030		46.8		
9.277		43.4		140.0		3.68		3.69		0.01		0.01		1.009		42.0		
9.375		36.4		146.6		3.68		3.69		0.01		0.02		0.971		35.1		
9.473		29.5		149.7		3.69		3.68		0.01		0.02		0.924		26.4		
9.570		24.3		155.8		3.68		3.69		0.01		0.02		0.865		23.0		
9.668		14.3		158.4		3.69		3.68		0.01		0.01		0.800		16.0		
9.766		10.8		159.3		3.69		3.69		0.01		0.01		0.730		7.8		
9.863		2.6		164.6		3.69		3.69		0.02		0.01		0.630		3.0		
9.961		-63.7		242.0		0.03		3.69		3.69		0.02		0.639		209.3		
10.059		-11.3		165.9		0.02		3.69		3.68		0.01		0.711		149.9		
10.156		-22.1		168.1		0.02		3.69		3.68		0.02		0.770		141.7		
10.254		-29.1		172.4		0.02		3.69		3.68		0.01		0.833		138.2		
10.352		-36.4		172.9		0.02		3.69		3.68		0.02		0.878		134.8		
10.449		-39.5		176.4		0.02		3.69		3.68		0.02		0.935		128.3		
10.547		-46.4		180.3		0.02		3.69		3.68		0.02		0.996		122.2		
10.645		-53.3		179.4		0.02		3.69		3.68		0.02		1.034		121.3		
10.742		-59.0		183.8		0.02		3.69		3.68		0.01		1.062		119.6		
10.840		-63.7		183.8		0.02		3.69		3.68		0.02		1.081		113.5		
10.938		-66.8		183.8		0.02		3.69		3.68		0.01		1.113		112.7		
11.035		-73.3		188.6		0.02		3.69		3.68		0.02		1.111		106.6		
11.133		-77.6		184.7		0.02		3.69		3.68		0.02		1.117		105.3		
11.230		-85.0		187.7		0.02		3.69		3.68		0.01		1.140		96.2		
11.328		-87.6		188.2		0.02		3.69		3.68		0.01		1.153		91.9		
11.426		-92.8		189.9		0.02		3.69		3.68		0.02		1.161		93.6		
11.523		-97.1		190.8		0.02		3.69		3.68		0.02		1.161		84.9		
11.621		-101.5		189.9		0.02		3.69		3.68		0.02		1.163		83.6		
11.719		-104.9		191.2		0.02		3.69		3.68		0.01		1.168		79.7		
11.816		-109.7		195.6		0.02		3.69		3.68		0.02		1.155		74.5		
11.914		-116.2		191.7		0.02		3.68		3.68		0.02		1.159		72.4		
12.012		-118.4		192.6		0.02		3.69		3.68		0.01		1.155		67.2		
12.109		-123.1		189.9		0.02		3.69		3.68		0.02		1.127		62.0		
12.207		-125.3		190.8		0.02		3.68		3.68		0.02		1.123		59.4		
12.305		-128.8		193.0		0.02		3.69		3.68		0.02		1.083		57.2		
12.402		-130.1		189.5		0.02		3.69		3.68		0.01		1.036		52.9		
12.500		-137.9		188.6		0.02		3.69		3.68		0.01		0.988		47.7		
12.598		-140.1		182.5		0.02		3.69		3.68		0.01		0.975		42.0		
12.695		-147.0		182.9		0.02		3.69		3.68		0.01		0.914		32.5		
12.793		-149.2		179.9		0.02		3.69		3.68		0.02		0.871		25.6		
12.891		-154.4		176.4		0.02		3.69		3.68		0.01		0.814		19.5		
12.988		-159.1		174.6		0.02		3.69		3.68		0.01		0.776		13.4		
13.086		-161.7		173.3		0.02		3.68		3.68		0.02		0.728		8.2		
13.184		-163.0		166.3		0.02		3.69		3.68		0.02		0.652		2.2		
13.281		-59.8		114.7		0.03		0.03		3.68		3.69		0.658		122.2		
13.379		-163.5		151.0		0.01		0.02		3.68		3.69		0.723		143.9		
13.477		-169.1		151.4		0.02		0.02		3.68		3.69		0.793		143.0		
13.574		-168.7		143.5		0.02		0.02		3.68		3.69		0.859		136.9		
13.672		-176.9		138.7		0.02		0.02		3.68		3.69		0.897		134.3		
13.770		-175.6		134.8		0.02		0.03		3.68		3.69		0.933		132.6		
13.867		-180.8		132.6		0.02		0.02		3.68		3.69		0.946		127.4		
13.965		-182.1		129.5		0.01		0.02		3.68		3.69		0.984		120.5		
14.063		-181.7		124.7		0.02		0.02		3.68		3.69		1.007		119.2		
14.160		-184.7		119.5		0.02		0.02		3.68		3.69		1.011		113.1		
14.258		-183.8		116.0		0.02		0.03		3.68		3.69		1.032		109.2		
14.355		-186.4		110.3		0.02		0.02		3.68		3.69		1.060		104.0		
14.453		-184.3		105.5		0.02		0.02		3.68		3.69		1.106		101.8		
14.551		-187.8		102.4		0.02		0.02		3.68		3.69		1.138		98.4		
14.648		-190.4		100.7		0.02		0.02		3.68		3.69		1.146		91.9		
14.746		-190.8		95.0		0.01		0.02		3.68		3.69		1.180		92.3		
14.844		-190.4		91.5		0.01		0.02		3.68		3.69		1.176		85.4		
14.941		-190.8		88.0		0.02		0.02		3.68		3.69		1.174		81.9		
15.039		-194.3		87.1		0.02		0.02		3.68		3.69		1.163		78.4		
15.137		-192.5		79.6		0.02		0.02		3.68		3.69		1.153		76.7		
15.234		-195.1		78.3		0.02		0.02		3.68		3.69		1.113		73.2		
15.332		-194.7		74.0		0.02		0.02		3.68		3.69		1.085		67.6		
15.430		-193.0		69.6		0.01		0.02		3.68		3.69		1.045		65.9		
15.527		-192.1		67.8		0.02		0.02		3.68		3.69		1.028		62.8		
15.625		-189.9		64.8		0.02		0.02		3.68		3.69		1.001		58.9		
15.723		-189.5		56.0		0.01		0.02		3.68		3.69		0.986		52.4		
15.820		-189.1		51.2		0.02		0.02		3.68		3.68		0.962		47.2		
15.918		-187.8		42.9		0.01		0.02		3.68		3.69		0.954		39.9		
16.016		-183.0		36.8		0.02		0.02		3.68		3.69		0.914		31.6		
16.113		-183.0		29.3		0.02		0.02		3.68		3.69		0.897		25.6		
16.211		-175.6		24.5		0.02		0.02		3.68		3.68		0.855		20.4		
16.309		-177.3		15.3		0.01		0.02		3.68		3.69		0.806		13.9		
16.406		-168.7		10.9		0.01		0.03		3.68		3.69		0.747		8.7		
16.504		-171.3		5.3		0.01		0.02		3.68		3.69		0.668		0.9		
16.602		-105.4		65.2		0.03		0.04		0.03		3.69		0.605		83.2		
16.699		-161.7		0.9		0.01		0.02		0.02		3.68		0.687		160.3		
16.797		-152.2		-21.0		0.02		0.02		0.02		3.68		0.751		144.3		
16.895		-145.7		-28.9		0.01		0.02		0.02		3.68		0.797		139.1		
16.992		-141.4		-35.9		0.01		0.02		0.02		3.69		0.836		133.5		
17.090		-136.6		-39.4		0.01		0.02		0.02		3.68		0.867		132.6		
17.188		-135.3		-48.1		0.01		0.02		0.02		3.68		0.901		125.2		
17.285		-128.8		-47.7		0.02		0.02		0.02		3.68		0.958		122.2		
17.383		-126.2		-56.5		0.01		0.02		0.02		3.68		0.986		115.7		
17.480		-121.8		-62.6		0.01		0.02		0.02		3.69		1.036		111.8		
17.578		-116.6		-67.4		0.02		0.02		0.02		3.68		1.066		107.5		
17.676		-111.4		-72.6		0.01		0.02		0.02		3.68		1.094		103.6		
17.773		-111.0		-78.3		0.01		0.02		0.02		3.69		1.115		102.7		
17.871		-106.7		-82.7		0.02		0.02		0.02		3.68		1.119		97.5		
17.969		-102.3		-87.1		0.02		0.02		0.02		3.69		1.136		95.8		
18.066		-100.2		-95.4		0.01		0.02		0.02		3.69		1.134		91.9		
18.164		-92.4		-96.7		0.02		0.02		0.02		3.69		1.132		85.8		
18.262		-93.7		-103.3		0.02		0.02		0.02		3.68		1.115		84.5		
18.359		-85.0		-107.2		0.01		0.02		0.02		3.69		1.119		81.9		
18.457		-84.6		-112.0		0.01		0.02		0.02		3.68		1.100		75.4		
18.555		-80.7		-112.0		0.02		0.02		0.02		3.68		1.089		74.1		
18.652		-76.3		-118.6		0.02		0.02		0.02		3.69		1.072		68.0		
18.750		-70.2		-120.4		0.01		0.02		0.02		3.68		1.081		65.9		
18.848		-69.8		-123.4		0.02		0.02		0.02		3.69		1.077		62.8		
18.945		-68.1		-129.1		0.02		0.02		0.02		3.69		1.062		60.2		
19.043		-62.9		-129.5		0.01		0.02		0.02		3.69		1.060		54.6		
19.141		-55.5		-134.4		0.01		0.02		0.02		3.69		1.032		50.3		
19.238		-49.4		-141.4		0.02		0.02		0.02		3.69		0.990		41.2		
19.336		-42.5		-147.0		0.01		0.02		0.02		3.68		0.939		34.7		
19.434		-36.0		-149.2		0.02		0.02		0.02		3.69		0.884		29.9		
19.531		-22.1		-153.6		0.01		0.02		0.02		3.68		0.819		25.1		
19.629		-21.2		-157.1		0.02		0.02		0.02		3.69		0.740		14.3		
19.727		-16.5		-162.8		0.01		0.02		0.02		3.69		0.702		9.1		
19.824		-7.8		-161.9		0.02		0.02		0.02		3.69		0.620		1.3		
19.922		-0.9		-142.2		0.02		0.02		0.02		0.02		0.561		45.1		
20.020		21.7		-175.5		0.02		0.02		0.02		0.02		0.668		140.0		
20.117		18.6		-167.2		0.02		0.02		0.02		0.02		0.749		143.4		
20.215		24.7		-168.9		0.02		0.02		0.01		0.02		0.821		136.9		
20.313		34.3		-172.9		0.02		0.02		0.02		0.02		0.880		135.2		
20.410		38.2		-177.2		0.02		0.02		0.02		0.02		0.920		132.6		
20.508		43.4		-180.3		0.02		0.02		0.02		0.02		0.962		124.8		
20.605		49.9		-175.9		0.02		0.02		0.01		0.02		0.984		123.9		
20.703		54.6		-179.9		0.02		0.02		0.02		0.02		0.990		119.2		
20.801		61.1		-179.0		0.02		0.02		0.02		0.02		1.024		113.1		
20.898		64.2		-185.1		0.02		0.02		0.02		0.02		1.026		110.5		
20.996		71.5		-185.1		0.02		0.02		0.02		0.02		1.053		108.8		
21.094		76.7		-184.7		0.02		0.02		0.02		0.02		1.075		102.7		
21.191		80.2		-190.4		0.02		0.02		0.02		0.02		1.089		100.1		
21.289		88.0		-189.1		0.02		0.02		0.02		0.02		1.106		95.3		
21.387		87.6		-191.7		0.02		0.02		0.02		0.02		1.130		91.9		
21.484		94.5		-191.2		0.02		0.02		0.02		0.02		1.151		88.0		
21.582		98.9		-191.2		0.02		0.02		0.02		0.02		1.168		81.9		
21.680		104.9		-191.2		0.02		0.02		0.02		0.02		1.172		81.0		
21.777		110.6		-192.1		0.02		0.02		0.02		0.02		1.166		75.8		
21.875		114.5		-193.4		0.02		0.02		0.02		0.02		1.161		72.4		
21.973		114.0		-191.2		0.02		0.02		0.02		0.02		1.130		70.2		
22.070		118.4		-189.1		0.02		0.02		0.02		0.02		1.089		68.5		
22.168		124.0		-193.0		0.02		0.02		0.02		0.02		1.066		65.0		
22.266		123.1		-189.5		0.02		0.02		0.02		0.02		1.032		61.5		
22.363		131.8		-190.8		0.02		0.02		0.02		0.02		0.986		55.5		
22.461		132.2		-187.7		0.02		0.02		0.02		0.02		0.969		51.1		
22.559		140.9		-162.4		0.02		0.02		0.02		0.02		0.933		41.2		
22.656		143.1		-186.4		0.02		0.02		0.02		0.02		0.899		33.8		
22.754		149.2		-184.7		0.02		0.02		0.02		0.02		0.874		28.2		
22.852		152.2		-176.4		0.02		0.02		0.02		0.02		0.855		21.7		
22.949		157.8		-175.9		0.02		0.02		0.02		0.02		0.802		15.2		
23.047		160.0		-168.9		0.02		0.02		0.02		0.02		0.742		5.6		
23.145		163.0		-170.2		0.02		0.02		0.02		0.02		0.700		3.5		
23.242		166.5		-167.6		3.58		0.02		0.03		0.02		0.601		-3.5		
23.340		196.9		-161.5		3.68		0.02		0.02		0.02		0.687		159.5		
23.438		168.7		-147.9		3.69		0.02		0.01		0.02		0.742		145.2		
23.535		168.2		-147.0		3.68		0.02		0.01		0.02		0.795		141.7		
23.633		173.4		-141.8		3.68		0.02		0.01		0.02		0.844		136.1		
23.730		178.2		-134.4		3.68		0.02		0.01		0.02		0.884		130.9		
23.828		177.8		-135.2		3.68		0.02		0.01		0.02		0.907		126.5		
23.926		181.2		-129.1		3.68		0.02		0.01		0.02		0.941		125.2		
24.023		182.1		-123.0		3.68		0.02		0.01		0.02		0.954		120.0		
24.121		184.7		-121.7		3.68		0.02		0.01		0.02		1.007		117.4		
24.219		185.6		-121.7		3.68		0.02		0.01		0.02		1.022		109.2		
24.316		185.1		-112.9		3.68		0.02		0.01		0.02		1.060		107.0		
24.414		186.4		-108.1		3.68		0.02		0.01		0.02		1.108		103.1		
24.512		189.1		-108.1		3.68		0.02		0.01		0.02		1.151		95.8		
24.609		189.9		-101.5		3.68		0.02		0.01		0.02		1.144		94.9		
24.707		189.1		-96.7		3.68		0.02		0.01		0.02		1.155		92.7		
24.805		189.5		-95.8		3.68		0.02		0.01		0.02		1.166		89.3		
24.902		191.7		-89.7		3.69		0.02		0.01		0.02		1.155		82.8		
25.000		190.8		-87.1		3.68		0.02		0.01		0.02		1.146		80.6		
25.098		192.1		-84.9		3.68		0.02		0.01		0.02		1.111		78.9		
25.195		190.8		-79.6		3.68		0.02		0.01		0.02		1.098		74.5		
25.293		191.7		-74.8		3.69		0.02		0.01		0.02		1.085		70.2		
25.391		191.7		-75.3		3.68		0.02		0.01		0.02		1.060		65.9		
25.488		193.4		-70.9		3.68		0.02		0.01		0.02		1.047		62.4		
25.586		189.5		-63.9		3.68		0.02		0.01		0.02		1.032		58.5		
25.684		192.1		-60.0		3.68		0.02		0.01		0.02		1.028		52.4		
25.781		188.2		-54.7		3.68		0.02		0.01		0.02		1.009		49.0		
25.879		186.0		-48.1		3.68		0.02		0.01		0.02		0.986		38.6		
25.977		183.8		-39.8		3.68		0.02		0.01		0.02		0.969		37.3		
26.074		181.7		-31.9		3.69		0.02		0.01		0.02		0.933		30.8		
26.172		180.8		-25.4		3.69		0.02		0.02		0.02		0.874		23.4		
26.270		177.8		-23.2		3.68		0.02		0.01		0.02		0.797		16.5		
26.367		176.5		-16.6		3.69		0.02		0.02		0.02		0.747		11.3		
26.465		173.4		-6.6		3.69		0.02		0.01		0.02		0.666		4.3		
26.563		168.2		-2.2		3.69		0.03		0.02		0.02		0.580		-2.2		
26.660		142.7		-10.9		3.69		3.69		0.01		0.02		0.626		130.4		
26.758		151.3		20.1		3.69		3.69		0.02		0.02		0.709		147.3		
26.855		145.7		23.2		3.69		3.69		0.02		0.02		0.764		142.6		
26.953		140.1		31.9		3.69		3.69		0.01		0.02		0.831		135.2		
27.051		136.2		40.7		3.69		3.69		0.01		0.02		0.876		130.0		
27.148		135.7		46.4		3.69		3.69		0.01		0.02		0.931		129.1		
27.246		128.8		49.5		3.69		3.69		0.02		0.02		0.969		125.2		
27.344		129.2		56.5		3.69		3.69		0.02		0.02		1.009		120.9		
27.441		124.0		60.4		3.68		3.69		0.02		0.02		1.058		119.6		
27.539		118.4		66.1		3.69		3.69		0.02		0.02		1.072		114.8		
27.637		111.4		70.0		3.69		3.69		0.02		0.02		1.096		108.8		
27.734		110.1		77.0		3.69		3.69		0.02		0.02		1.094		106.6		
27.832		110.1		80.5		3.69		3.69		0.02		0.01		1.106		101.4		
27.930		103.6		83.6		3.69		3.69		0.01		0.02		1.127		98.4		
28.027		98.4		86.7		3.68		3.69		0.01		0.02		1.130		97.5		
28.125		98.4		94.1		3.68		3.69		0.01		0.02		1.151		92.3		
28.223		91.5		101.1		3.69		3.69		0.01		0.02		1.151		89.3		
28.320		89.3		103.3		3.68		3.69		0.01		0.02		1.151		83.2		
28.418		82.8		109.4		3.68		3.69		0.01		0.01		1.161		78.9		
28.516		82.0		112.9		3.69		3.69		0.01		0.01		1.159		75.0		
28.613		77.6		117.7		3.68		3.69		0.01		0.01		1.142		73.7		
28.711		71.5		121.7		3.68		3.69		0.01		0.01		1.127		67.6		
28.809		71.5		124.3		3.69		3.69		0.01		0.02		1.121		65.0		
28.906		68.9		126.0		3.68		3.69		0.01		0.02		1.098		64.1		
29.004		65.9		126.9		3.69		3.69		0.01		0.02		1.072		59.8		
29.102		58.1		131.3		3.68		3.69		0.01		0.01		1.036		52.0		
29.199		53.3		136.1		3.69		3.69		0.01		0.02		0.986		48.1		
29.297		47.7		140.5		3.69		3.69		0.01		0.01		0.960		40.3		
29.395		35.6		147.0		3.68		3.69		0.01		0.02		0.901		30.8		
29.492		31.2		154.0		3.68		3.69		0.02		0.01		0.857		25.6		
29.590		23.8		154.9		3.69		3.69		0.02		0.01		0.819		22.1		
29.688		12.6		160.6		3.68		3.69		0.01		0.01		0.781		11.3		
29.785		7.8		161.5		3.68		3.69		0.01		0.01		0.715		6.1		
29.883		3.0		167.2		3.68		3.69		0.01		0.01		0.654		-2.2		
29.980		2.6		171.1		0.03		3.69		3.68		0.02		0.694		181.1		
30.078		-12.1		165.0		0.02		3.69		3.68		0.02		0.783		144.7		
30.176		-23.0		170.2		0.02		3.69		3.68		0.02		0.840		144.3		
30.273		-29.1		170.7		0.02		3.69		3.68		0.02		0.905		136.1		
30.371		-36.4		172.9		0.02		3.69		3.68		0.02		0.937		132.6		
30.469		-42.1		176.8		0.02		3.69		3.68		0.02		0.960		128.7		
30.566		-47.7		179.0		0.02		3.69		3.68		0.02		0.988		126.5		
30.664		-52.9		181.2		0.02		3.69		3.68		0.02		1.005		120.0		
30.762		-59.8		182.9		0.02		3.68		3.68		0.02		1.036		116.6		
30.859		-68.1		182.5		0.02		3.69		3.68		0.02		1.068		113.1		
30.957		-68.5		182.9		0.02		3.69		3.68		0.02		1.077		108.3		
31.055		-76.3		183.8		0.02		3.69		3.68		0.02		1.123		104.9		
31.152		-80.7		186.9		0.02		3.69		3.68		0.02		1.144		101.0		
31.250		-83.7		186.0		0.02		3.69		3.68		0.02		1.168		94.5		
31.348		-88.9		188.2		0.02		3.69		3.68		0.01		1.191		93.2		
31.445		-92.8		189.9		0.02		3.69		3.68		0.02		1.214		91.0		
31.543		-99.3		188.6		0.02		3.69		3.68		0.02		1.223		88.4		
31.641		-103.2		190.8		0.02		3.69		3.68		0.01		1.208		81.5		
31.738		-104.1		192.1		0.02		3.69		3.68		0.01		1.182		78.4		
31.836		-112.7		191.2		0.02		3.68		3.68		0.01		1.182		75.4		
31.934		-115.8		192.6		0.02		3.68		3.68		0.01		1.132		69.3		
32.031		-122.3		190.8		0.02		3.69		3.68		0.01		1.111		69.3		
32.129		-121.0		190.8		0.02		3.69		3.68		0.02		1.077		65.0		
32.227		-125.3		192.6		0.02		3.69		3.68		0.01		1.056		62.8		
32.324		-127.5		193.0		0.02		3.68		3.68		0.01		1.043		53.7		
32.422		-135.7		189.1		0.02		3.68		3.68		0.01		1.024		50.7		
32.520		-138.3		186.9		0.02		3.69		3.68		0.02		1.009		45.5		
32.617		-145.7		185.6		0.02		3.69		3.68		0.02		0.981		35.1		
32.715		-147.0		182.5		0.02		3.69		3.68		0.01		0.960		32.1		
32.813		-150.9		181.2		0.02		3.69		3.68		0.02		0.931		24.7		
32.910		-157.0		173.7		0.02		3.69		3.68		0.01		0.871		18.2		
33.008		-159.1		173.7		0.02		3.69		3.68		0.02		0.804		13.0		
33.105		-160.9		172.4		0.02		3.69		3.68		0.02		0.738		6.5		
33.203		-161.3		165.4		0.02		3.69		3.68		0.02		0.662		-0.4		
33.301		-85.9		115.1		0.02		0.03		3.68		3.69		0.671		113.1		
33.398		-168.2		150.5		0.02		0.02		3.68		3.69		0.738		144.7		
33.496		-172.6		149.2		0.02		0.03		3.68		3.69		0.778		142.6		
33.594		-174.3		143.1		0.01		0.02		3.68		3.68		0.842		138.2		
33.691		-176.0		139.6		0.02		0.02		3.68		3.69		0.886		133.9		
33.789		-176.0		134.4		0.02		0.02		3.68		3.69		0.920		129.1		
33.887		-178.6		133.0		0.01		0.02		3.68		3.69		0.965		125.7		
33.984		-180.4		128.7		0.01		0.02		3.68		3.69		0.996		118.7		
34.082		-183.0		121.2		0.02		0.02		3.68		3.69		1.049		117.4		
34.180		-185.1		117.3		0.01		0.02		3.68		3.69		1.079		114.0		
34.277		-184.3		116.0		0.02		0.02		3.68		3.69		1.106		107.0		
34.375		-186.4		110.7		0.02		0.02		3.68		3.69		1.123		104.4		
34.473		-187.3		104.6		0.02		0.02		3.68		3.69		1.159		101.4		
34.570		-193.0		104.2		0.02		0.02		3.68		3.69		1.155		97.9		
34.668		-190.8		99.8		0.02		0.02		3.68		3.69		1.149		92.7		
34.766		-187.8		98.0		0.01		0.02		3.68		3.68		1.159		89.3		
34.863		-191.7		93.7		0.02		0.02		3.68		3.68		1.153		82.3		
34.961		-191.7		85.3		0.02		0.02		3.68		3.69		1.142		80.2		
35.059		-192.1		83.2		0.01		0.02		3.68		3.69		1.136		79.7		
35.156		-192.1		83.6		0.02		0.02		3.68		3.69		1.134		75.4		
35.254		-191.7		77.9		0.02		0.02		3.68		3.69		1.121		69.3		
35.352		-192.5		72.6		0.02		0.02		3.68		3.69		1.113		67.6		
35.449		-189.5		67.4		0.02		0.03		3.68		3.69		1.085		64.1		
35.547		-190.4		66.1		0.02		0.02		3.68		3.69		1.089		61.5		
35.645		-191.2		60.0		0.01		0.02		3.68		3.68		1.070		56.3		
35.742		-187.8		58.6		0.02		0.02		3.68		3.69		1.049		52.9		
35.840		-189.5		50.3		0.02		0.02		3.68		3.69		1.022		45.1		
35.938		-184.7		43.8		0.01		0.02		3.68		3.69		0.973		39.9		
36.035		-184.7		37.6		0.02		0.02		3.68		3.68		0.926		32.5		
36.133		-180.4		27.6		0.01		0.02		3.68		3.68		0.863		27.3		
36.230		-179.1		22.3		0.02		0.02		3.68		3.69		0.816		21.7		
36.328		-176.9		16.6		0.02		0.03		3.68		3.68		0.755		14.7		
36.426		-171.7		10.9		0.01		0.02		3.68		3.69		0.692		7.8		
36.523		-170.0		4.4		0.01		0.02		3.68		3.68		0.626		0.4		
36.621		-216.4		27.1		0.02		0.03		0.02		3.69		0.635		154.3		
36.719		-159.1		-8.3		0.01		0.02		0.02		3.68		0.721		149.5		
36.816		-146.6		-22.3		0.01		0.02		0.02		3.69		0.789		142.1		
36.914		-144.0		-28.4		0.01		0.02		0.02		3.68		0.850		136.5		
37.012		-139.6		-35.4		0.01		0.02		0.02		3.68		0.912		135.6		
37.109		-135.3		-42.5		0.01		0.02		0.02		3.68		0.946		130.4		
37.207		-133.6		-46.0		0.01		0.02		0.02		3.68		0.981		125.7		
37.305		-125.7		-52.1		0.02		0.02		0.02		3.68		1.007		118.3		
37.402		-122.7		-57.3		0.01		0.02		0.02		3.69		1.022		113.1		
37.500		-122.7		-62.1		0.01		0.02		0.02		3.69		1.034		113.5		
37.598		-115.3		-69.6		0.01		0.02		0.02		3.68		1.036		108.8		
37.695		-113.6		-75.3		0.01		0.02		0.02		3.68		1.068		105.7		
37.793		-107.1		-81.0		0.02		0.02		0.02		3.69		1.089		99.2		
37.891		-106.2		-83.6		0.01		0.02		0.02		3.68		1.098		97.5		
37.988		-100.2		-90.2		0.02		0.02		0.02		3.69		1.134		94.0		
38.086		-99.3		-94.5		0.02		0.02		0.02		3.68		1.149		89.7		
38.184		-93.7		-102.4		0.01		0.02		0.02		3.69		1.174		85.4		
38.281		-91.9		-101.1		0.02		0.02		0.02		3.69		1.178		81.0		
38.379		-88.0		-108.1		0.02		0.02		0.02		3.69		1.172		80.2		
38.477		-82.4		-109.4		0.02		0.02		0.02		3.69		1.166		76.3		
38.574		-79.8		-114.7		0.01		0.02		0.02		3.68		1.140		70.6		
38.672		-74.1		-117.7		0.02		0.02		0.02		3.69		1.117		67.2		
38.770		-72.4		-119.0		0.02		0.02		0.02		3.69		1.087		67.2		
38.867		-72.8		-124.3		0.01		0.02		0.02		3.68		1.045		62.0		
38.965		-70.2		-126.5		0.02		0.02		0.02		3.69		1.030		58.9		
39.063		-61.6		-131.3		0.02		0.02		0.02		3.69		0.992		54.2		
39.160		-56.4		-134.8		0.02		0.02		0.02		3.68		0.969		47.2		
39.258		-47.7		-138.7		0.02		0.02		0.02		3.69		0.941		39.4		
39.355		-43.4		-144.9		0.01		0.02		0.02		3.68		0.924		32.5		
39.453		-30.8		-148.4		0.01		0.02		0.02		3.69		0.871		25.1		
39.551		-26.4		-155.4		0.02		0.02		0.02		3.69		0.846		20.4		
39.648		-17.3		-157.5		0.02		0.02		0.02		3.68		0.795		13.9		
39.746		-13.9		-160.6		0.02		0.02		0.02		3.69		0.738		6.1		
39.844		-4.3		-166.3		0.02		0.02		0.02		3.69		0.679		1.7		
39.941		-6.9		-196.5		0.01		0.02		0.01		0.01		0.675		174.2		
40.039		18.2		-164.6		0.02		0.02		0.02		0.02		0.734		145.6		
40.137		19.5		-168.5		0.02		0.02		0.02		0.02		0.785		143.0		
40.234		23.8		-172.0		0.02		0.02		0.02		0.02		0.819		139.1		
40.332		33.4		-175.5		0.02		0.02		0.02		0.02		0.861		133.5		
40.430		40.3		-175.9		0.02		0.02		0.02		0.02		0.897		133.5		
40.527		45.5		-179.4		0.02		0.02		0.02		0.02		0.926		124.8		
40.625		49.4		-181.2		0.02		0.02		0.02		0.02		0.973		123.5		
40.723		58.1		-182.1		0.02		0.02		0.02		0.02		0.994		117.4		
40.820		64.2		-179.4		0.02		0.02		0.01		0.02		1.041		113.5		
40.918		67.2		-183.8		0.02		0.02		0.02		0.02		1.060		109.2		
41.016		73.3		-185.6		0.02		0.02		0.02		0.02		1.113		105.7		
41.113		79.8		-186.9		0.02		0.02		0.02		0.02		1.136		101.8		
41.211		81.5		-187.7		0.02		0.02		0.02		0.02		1.174		97.1		
41.309		87.6		-187.3		0.02		0.02		0.02		0.02		1.178		93.6		
41.406		90.2		-189.1		0.02		0.02		0.02		0.02		1.187		89.3		
41.504		96.7		-188.2		0.02		0.02		0.01		0.02		1.178		87.5		
41.602		101.0		-191.7		0.02		0.02		0.02		0.02		1.168		84.1		
41.699		102.3		-192.6		0.02		0.02		0.02		0.02		1.144		81.0		
41.797		108.4		-193.9		0.02		0.02		0.02		0.02		1.123		77.6		
41.895		115.8		-191.7		0.02		0.02		0.02		0.02		1.098		71.5		
41.992		115.3		-193.0		0.02		0.02		0.02		0.02		1.091		68.0		
42.090		120.5		-192.6		0.02		0.02		0.02		0.02		1.077		64.6		
42.188		120.1		-193.4		0.02		0.02		0.01		0.02		1.051		61.5		
42.285		127.9		-187.7		0.02		0.02		0.02		0.02		1.062		57.2		
42.383		130.9		-189.9		0.02		0.02		0.02		0.02		1.043		52.9		
42.480		137.5		-186.9		0.02		0.02		0.02		0.02		1.034		45.9		
42.578		139.6		-187.7		0.02		0.02		0.02		0.02		1.001		39.4		
42.676		144.0		-184.7		0.02		0.02		0.02		0.02		0.967		33.4		
42.773		149.6		-179.9		0.02		0.02		0.02		0.02		0.907		27.7		
42.871		152.2		-178.6		0.02		0.02		0.02		0.02		0.859		20.8		
42.969		157.4		-177.7		0.02		0.02		0.02		0.02		0.781		16.5		
43.066		160.0		-173.7		0.02		0.02		0.02		0.02		0.698		9.1		
43.164		163.5		-166.7		0.02		0.02		0.01		0.02		0.632		3.9		
43.262		35.1		-112.0		3.70		0.03		0.04		0.03		0.569		89.3		
43.359		165.6		-158.0		3.68		0.02		0.01		0.02		0.679		151.7		
43.457		169.1		-147.0		3.68		0.02		0.01		0.02		0.745		142.6		
43.555		168.7		-145.3		3.68		0.02		0.01		0.02		0.814		138.2		
43.652		173.0		-137.9		3.68		0.02		0.01		0.02		0.874		136.1		
43.750		176.0		-136.1		3.68		0.02		0.01		0.02		0.924		130.0		
43.848		179.9		-133.9		3.68		0.02		0.01		0.02		0.969		127.0		
43.945		178.2		-130.9		3.68		0.02		0.01		0.02		1.017		120.9		
44.043		178.6		-126.0		3.68		0.02		0.01		0.02		1.036		117.0		
44.141		181.7		-122.5		3.68		0.02		0.01		0.02		1.064		113.1		
44.238		184.3		-117.3		3.68		0.02		0.01		0.02		1.064		113.1		
44.336		185.6		-111.6		3.68		0.02		0.01		0.02		1.083		107.5		
44.434		184.3		-108.1		3.68		0.02		0.01		0.02		1.106		105.7		
44.531		187.3		-106.8		3.68		0.02		0.01		0.02		1.113		97.9		
44.629		193.0		-101.5		3.68		0.02		0.01		0.02		1.113		93.2		
44.727		192.1		-97.6		3.68		0.02		0.01		0.02		1.130		90.1		
44.824		191.7		-95.8		3.68		0.02		0.01		0.02		1.144		85.4		
44.922		190.4		-88.4		3.68		0.02		0.01		0.02		1.153		83.6		
45.020		192.5		-84.9		3.68		0.02		0.01		0.02		1.166		80.6		
45.117		194.3		-84.9		3.68		0.02		0.01		0.02		1.170		75.8		
45.215		193.0		-77.0		3.68		0.02		0.01		0.02		1.149		69.8		
45.313		190.8		-76.1		3.68		0.02		0.01		0.02		1.142		69.8		
45.410		193.4		-71.8		3.68		0.02		0.01		0.02		1.125		62.8		
45.508		192.1		-67.0		3.69		0.02		0.01		0.02		1.087		65.0		
45.605		189.5		-64.3		3.68		0.02		0.01		0.02		1.068		59.8		
45.703		189.9		-60.8		3.69		0.02		0.02		0.02		1.030		55.5		
45.801		187.8		-52.1		3.68		0.02		0.01		0.02		0.990		46.8		
45.898		184.3		-46.0		3.68		0.02		0.01		0.02		0.956		40.7		
45.996		187.3		-42.5		3.69		0.03		0.01		0.02		0.901		32.1		
46.094		181.7		-29.3		3.68		0.02		0.01		0.02		0.882		27.7		
46.191		182.1		-31.5		3.68		0.02		0.01		0.02		0.816		21.7		
46.289		178.6		-21.4		3.69		0.02		0.01		0.02		0.785		16.5		
46.387		174.7		-14.0		3.68		0.02		0.01		0.02		0.730		9.1		
46.484		171.3		-7.4		3.68		0.02		0.01		0.02		0.677		3.9		
46.582		165.6		-0.4		3.69		0.02		0.01		0.02		0.622		-3.5		
46.680		160.9		24.5		3.69		3.69		0.01		0.02		0.704		162.1		
46.777		151.3		16.2		3.68		3.69		0.01		0.02		0.778		143.9		
46.875		147.0		26.7		3.69		3.69		0.02		0.02		0.814		143.0		
46.973		142.7		32.8		3.69		3.69		0.01		0.02		0.865		135.2		
47.070		139.6		37.6		3.69		3.69		0.02		0.02		0.897		132.2		
47.168		131.8		44.2		3.69		3.69		0.02		0.02		0.931		128.7		
47.266		131.4		49.5		3.69		3.69		0.02		0.02		0.952		125.7		
47.363		128.8		54.3		3.69		3.69		0.02		0.02		0.981		121.3		
47.461		124.9		62.1		3.69		3.69		0.02		0.02		0.990		114.8		
47.559		120.5		63.9		3.69		3.69		0.02		0.02		1.028		111.8		
47.656		114.9		72.6		3.69		3.69		0.02		0.02		1.077		111.4		
47.754		110.6		77.9		3.69		3.69		0.02		0.02		1.104		102.7		
47.852		109.7		80.1		3.69		3.69		0.02		0.02		1.132		96.2		
47.949		103.6		85.3		3.69		3.69		0.01		0.02		1.155		95.8		
48.047		98.0		95.0		3.69		3.69		0.01		0.01		1.178		94.9		
48.145		94.1		95.8		3.69		3.69		0.02		0.02		1.182		88.4		
48.242		88.9		102.8		3.68		3.69		0.01		0.01		1.189		85.8		
48.340		89.3		105.9		3.68		3.69		0.01		0.01		1.176		81.5		
48.438		82.8		109.8		3.68		3.69		0.02		0.01		1.161		79.3		
48.535		81.5		113.3		3.68		3.68		0.01		0.01		1.136		74.1		
48.633		76.7		117.3		3.68		3.69		0.01		0.02		1.100		70.6		
48.730		72.8		119.9		3.69		3.69		0.01		0.02		1.079		70.2		
48.828		72.0		123.9		3.68		3.69		0.01		0.02		1.058		66.3		
48.926		66.3		122.5		3.68		3.69		0.01		0.01		1.051		62.0		
49.023		62.0		130.9		3.68		3.69		0.01		0.01		1.028		58.1		
49.121		55.5		132.6		3.68		3.69		0.01		0.01		1.017		50.3		
49.219		50.7		134.4		3.68		3.69		0.01		0.01		0.990		46.4		
49.316		44.7		146.2		3.69		3.69		0.01		0.01		0.984		36.4		
49.414		34.3		148.8		3.68		3.69		0.01		0.02		0.956		31.2		
49.512		29.1		152.3		3.69		3.69		0.01		0.01		0.916		24.3		
49.609		19.9		155.8		3.68		3.69		0.01		0.01		0.852		19.9		
49.707		13.9		159.3		3.68		3.69		0.01		0.02		0.785		12.6		
49.805		6.9		160.2		3.69		3.69		0.01		0.01		0.711		5.2		
49.902		-0.4		166.3		3.68		3.69		0.01		0.01		0.637		0.0		
