Oscilloscope Trace Export		
Festo Didactic LVDAC-EMS 3.19		
		
		
		Ch1		Ch2		Ch3		Ch4		Ch5		Ch6		Ch7		Ch8		
Time 		E1		E2		AI5		AI1		AI6		AI2		I3		E3		
(ms)		(V)		(V)		(V)		(V)		(V)		(V)		(A)		(V)		
0.000		8.2		-157.1		0.02		0.02		0.02		0.02		2.289		140.0		
0.098		13.4		-159.7		3.69		0.02		0.02		0.02		2.270		133.9		
0.195		1.7		-157.1		3.68		0.02		0.01		0.02		2.246		141.3		
0.293		10.4		-155.4		3.68		0.02		0.01		0.02		2.236		144.3		
0.391		9.1		-151.0		3.69		0.02		0.01		0.02		2.230		143.4		
0.488		9.1		-156.7		3.68		0.02		0.01		0.02		2.208		140.0		
0.586		29.1		-161.5		3.68		0.02		0.01		0.02		2.200		150.8		
0.684		37.3		-165.4		3.68		0.02		0.01		0.02		2.213		153.8		
0.781		43.4		-165.9		3.69		0.02		0.01		0.02		2.217		155.6		
0.879		50.3		-168.5		3.68		0.02		0.01		0.02		2.198		157.7		
0.977		52.0		-172.0		3.68		0.02		0.01		0.02		2.194		159.9		
1.074		58.1		-169.8		3.68		0.02		0.01		0.02		2.230		161.6		
1.172		62.0		-172.9		3.68		0.02		0.01		0.01		2.232		162.9		
1.270		65.0		-173.7		3.68		0.01		0.01		0.02		2.221		162.5		
1.367		70.7		-175.5		3.68		0.02		0.01		0.02		2.236		164.7		
1.465		77.6		-174.2		3.68		0.02		0.01		0.02		2.251		164.2		
1.563		81.5		-175.5		3.68		0.02		0.01		0.02		2.249		166.0		
1.660		82.4		-177.2		3.68		0.02		0.01		0.02		2.268		165.1		
1.758		88.5		-177.2		3.68		0.02		0.01		0.02		2.282		166.0		
1.855		91.9		-178.1		3.68		0.02		0.01		0.02		2.289		168.1		
1.953		100.2		-178.6		3.69		0.02		0.01		0.02		2.293		165.5		
2.051		102.3		-178.6		3.68		0.02		0.01		0.02		2.301		166.4		
2.148		104.5		-177.2		3.68		0.02		0.01		0.02		2.312		168.1		
2.246		110.6		-178.1		3.69		0.02		0.01		0.02		2.295		165.5		
2.344		115.3		-174.6		3.68		0.02		0.01		0.02		2.340		165.5		
2.441		117.9		-177.2		3.69		0.02		0.01		0.02		2.318		163.4		
2.539		121.8		-176.4		3.69		0.02		0.01		0.02		2.346		162.5		
2.637		125.7		-168.5		3.68		0.02		0.01		0.02		2.329		159.9		
2.734		130.5		-169.4		3.68		0.02		0.01		0.02		2.352		159.9		
2.832		137.0		-165.4		3.68		0.02		0.01		0.02		2.337		154.3		
2.930		139.6		-161.5		3.68		0.02		0.01		0.02		2.335		153.0		
3.027		145.3		-158.0		3.68		0.02		0.01		0.02		2.323		150.4		
3.125		148.7		-154.9		3.68		0.02		0.01		0.02		2.325		146.0		
3.223		153.5		-150.1		3.68		0.02		0.01		0.02		2.295		140.0		
3.320		158.3		-149.2		3.68		0.02		0.01		0.02		2.268		136.1		
3.418		157.0		-144.4		3.68		0.02		0.01		0.02		2.276		136.5		
3.516		153.5		-151.4		3.69		3.68		0.01		0.01		2.244		143.0		
3.613		154.4		-148.8		3.68		3.69		0.01		0.01		2.242		141.3		
3.711		157.0		-145.3		3.69		3.68		0.01		0.01		2.227		141.7		
3.809		153.9		-145.7		3.68		3.68		0.01		0.01		2.227		142.1		
3.906		169.5		-131.7		3.69		3.69		0.01		0.02		2.198		152.1		
4.004		166.9		-133.5		3.69		3.68		0.01		0.01		2.206		153.8		
4.102		167.8		-124.3		3.68		3.68		0.01		0.01		2.204		155.1		
4.199		171.3		-121.7		3.68		3.68		0.01		0.01		2.196		157.3		
4.297		172.1		-117.7		3.69		3.68		0.01		0.01		2.208		158.2		
4.395		173.4		-113.8		3.68		3.68		0.01		0.02		2.213		161.2		
4.492		175.2		-112.5		3.68		3.68		0.01		0.01		2.215		162.1		
4.590		174.7		-105.5		3.69		3.68		0.01		0.01		2.230		163.8		
4.688		178.6		-105.5		3.68		3.68		0.01		0.01		2.234		164.7		
4.785		176.9		-98.5		3.68		3.68		0.01		0.02		2.238		163.8		
4.883		174.3		-95.4		3.69		3.68		0.01		0.01		2.257		163.8		
4.980		178.2		-89.7		3.68		3.68		0.01		0.01		2.270		168.1		
5.078		178.6		-85.3		3.69		3.68		0.01		0.02		2.270		166.8		
5.176		177.8		-81.8		3.68		3.68		0.01		0.01		2.278		168.6		
5.273		176.0		-80.1		3.68		3.68		0.01		0.01		2.278		166.0		
5.371		175.6		-74.8		3.69		3.68		0.01		0.01		2.291		165.1		
5.469		176.9		-66.1		3.68		3.69		0.01		0.01		2.318		166.4		
5.566		176.0		-64.8		3.68		3.68		0.01		0.01		2.314		161.6		
5.664		173.4		-61.7		3.69		3.68		0.01		0.01		2.329		161.6		
5.762		174.7		-57.3		3.69		3.69		0.01		0.02		2.329		162.5		
5.859		173.4		-50.3		3.68		3.68		0.01		0.02		2.316		159.5		
5.957		172.6		-44.6		3.69		3.68		0.01		0.01		2.337		159.0		
6.055		169.1		-35.0		3.69		3.68		0.01		0.02		2.327		158.2		
6.152		166.1		-28.9		3.68		3.68		0.02		0.01		2.340		154.3		
6.250		163.0		-24.1		3.69		3.68		0.01		0.01		2.331		152.1		
6.348		162.6		-20.1		3.69		3.68		0.01		0.01		2.320		151.7		
6.445		160.4		-9.6		3.69		3.69		0.01		0.02		2.318		145.2		
6.543		157.0		-4.4		3.69		3.68		0.02		0.02		2.291		140.8		
6.641		152.6		3.9		3.69		3.68		0.01		0.02		2.291		142.1		
6.738		145.7		13.1		3.69		3.69		0.01		0.02		2.278		138.7		
6.836		150.9		6.1		0.02		3.68		3.68		0.02		2.242		146.0		
6.934		150.9		8.3		0.03		3.69		3.68		0.02		2.232		143.9		
7.031		145.7		7.0		0.02		3.68		3.68		0.02		2.240		141.7		
7.129		142.7		11.4		0.02		3.69		3.68		0.02		2.215		141.7		
7.227		134.4		24.1		0.02		3.69		3.68		0.02		2.204		150.8		
7.324		131.4		35.4		0.02		3.69		3.69		0.02		2.210		156.4		
7.422		130.5		41.1		0.02		3.69		3.68		0.02		2.223		157.7		
7.520		124.4		46.4		0.02		3.69		3.68		0.02		2.206		157.7		
7.617		117.9		52.5		0.02		3.69		3.68		0.02		2.221		159.0		
7.715		112.3		56.0		0.02		3.69		3.68		0.02		2.225		164.2		
7.813		109.7		63.5		0.02		3.69		3.68		0.02		2.221		160.3		
7.910		108.0		67.8		0.02		3.68		3.69		0.02		2.236		162.9		
8.008		104.5		72.6		0.02		3.69		3.68		0.02		2.251		162.9		
8.105		101.5		75.7		0.02		3.69		3.68		0.02		2.246		166.0		
8.203		95.0		80.5		0.02		3.68		3.68		0.01		2.270		165.1		
8.301		91.1		87.1		0.02		3.68		3.68		0.01		2.282		167.3		
8.398		85.9		88.4		0.02		3.69		3.68		0.01		2.280		168.1		
8.496		86.7		93.2		0.02		3.68		3.68		0.01		2.293		168.1		
8.594		78.9		99.8		0.02		3.69		3.68		0.01		2.306		168.6		
8.691		78.0		100.7		0.02		3.68		3.68		0.01		2.308		169.0		
8.789		74.6		107.7		0.02		3.68		3.68		0.01		2.333		166.4		
8.887		70.7		106.8		0.02		3.68		3.68		0.01		2.333		168.6		
8.984		65.0		110.3		0.02		3.68		3.68		0.01		2.361		166.4		
9.082		59.8		116.8		0.02		3.68		3.68		0.01		2.342		169.0		
9.180		55.9		140.0		0.02		3.69		3.68		0.02		2.348		164.2		
9.277		46.4		125.6		0.02		3.68		3.68		0.01		2.367		163.4		
9.375		39.5		129.5		0.02		3.68		3.68		0.02		2.359		157.7		
9.473		34.3		137.9		0.02		3.68		3.68		0.02		2.361		156.4		
9.570		25.6		139.6		0.01		3.68		3.68		0.01		2.354		153.4		
9.668		17.8		142.7		0.02		3.68		3.68		0.01		2.363		153.4		
9.766		10.0		146.6		0.02		3.68		3.68		0.01		2.344		144.7		
9.863		3.5		147.5		0.02		3.68		3.68		0.02		2.344		144.3		
9.961		-5.2		154.0		0.02		3.68		3.68		0.02		2.329		143.0		
10.059		-13.0		158.4		0.02		3.68		3.68		0.01		2.306		136.1		
10.156		-3.9		153.6		0.02		0.02		3.69		3.69		2.278		144.3		
10.254		-6.5		157.1		0.01		0.02		3.68		3.68		2.270		142.1		
10.352		-10.0		156.2		0.02		0.02		3.68		3.69		2.255		141.7		
10.449		-12.1		156.2		0.02		0.02		3.68		3.68		2.251		140.4		
10.547		-12.6		157.5		0.02		0.02		3.68		3.69		2.234		140.8		
10.645		-31.2		165.9		0.02		0.02		3.68		3.69		2.225		153.0		
10.742		-41.2		165.0		0.01		0.02		3.68		3.69		2.221		156.0		
10.840		-46.4		167.6		0.01		0.02		3.68		3.68		2.208		156.4		
10.938		-52.0		169.4		0.02		0.02		3.68		3.69		2.249		159.9		
11.035		-55.9		173.7		0.02		0.02		3.68		3.69		2.238		159.5		
11.133		-59.4		174.6		0.02		0.02		3.68		3.69		2.230		160.8		
11.230		-66.8		173.3		0.02		0.02		3.68		3.69		2.242		161.6		
11.328		-68.5		172.9		0.02		0.02		3.68		3.69		2.246		164.7		
11.426		-74.6		178.1		0.01		0.02		3.68		3.69		2.253		163.4		
11.523		-76.3		175.9		0.02		0.02		3.68		3.69		2.251		166.0		
11.621		-83.7		176.4		0.02		0.02		3.68		3.69		2.289		165.5		
11.719		-88.5		175.1		0.01		0.02		3.68		3.69		2.285		166.8		
11.816		-91.5		177.2		0.02		0.02		3.68		3.69		2.310		167.3		
11.914		-96.7		177.7		0.02		0.02		3.68		3.69		2.314		164.7		
12.012		-101.5		176.8		0.01		0.02		3.68		3.69		2.323		163.8		
12.109		-105.8		178.1		0.01		0.02		3.68		3.69		2.314		164.2		
12.207		-107.1		177.2		0.02		0.02		3.68		3.69		2.335		165.5		
12.305		-112.3		177.7		0.01		0.02		3.68		3.69		2.337		166.4		
12.402		-117.5		173.7		0.01		0.02		3.68		3.69		2.340		165.1		
12.500		-121.0		174.2		0.01		0.02		3.68		3.69		2.359		159.9		
12.598		-123.6		174.6		0.01		0.02		3.68		3.69		2.340		158.2		
12.695		-132.2		172.4		0.02		0.02		3.68		3.69		2.352		158.6		
12.793		-135.7		165.0		0.01		0.02		3.68		3.69		2.365		154.7		
12.891		-140.9		165.4		0.02		0.02		3.69		3.69		2.350		152.5		
12.988		-146.1		159.3		0.02		0.02		3.68		3.69		2.327		148.6		
13.086		-150.0		160.2		0.02		0.02		3.68		3.69		2.323		146.9		
13.184		-147.0		153.2		0.02		0.02		3.68		3.69		2.312		146.0		
13.281		-156.5		151.0		0.02		0.02		3.68		3.69		2.299		137.8		
13.379		-161.3		146.6		0.02		0.02		3.68		3.69		2.297		134.3		
13.477		-156.1		147.5		0.02		0.01		0.02		3.69		2.257		144.7		
13.574		-153.9		151.0		0.01		0.02		0.02		3.69		2.242		143.4		
13.672		-156.5		144.0		0.02		0.02		0.02		3.69		2.230		141.3		
13.770		-157.0		144.4		0.02		0.02		0.02		3.69		2.206		139.1		
13.867		-158.3		145.7		0.02		0.02		0.02		3.69		2.227		141.7		
13.965		-163.9		130.9		0.02		0.02		0.02		3.69		2.208		154.7		
14.063		-168.7		124.7		0.02		0.02		0.02		3.69		2.206		154.3		
14.160		-168.7		123.9		0.02		0.02		0.02		3.69		2.198		154.3		
14.258		-170.4		119.5		0.02		0.02		0.02		3.69		2.210		156.4		
14.355		-169.5		117.7		0.02		0.02		0.02		3.69		2.213		156.4		
14.453		-171.7		110.7		0.02		0.02		0.02		3.69		2.213		158.6		
14.551		-176.0		109.4		0.02		0.02		0.02		3.69		2.225		161.6		
14.648		-174.7		102.8		0.02		0.02		0.02		3.69		2.223		162.1		
14.746		-174.3		100.2		0.02		0.02		0.02		3.69		2.232		162.5		
14.844		-175.6		95.8		0.02		0.02		0.02		3.69		2.215		162.9		
14.941		-176.5		92.3		0.01		0.02		0.02		3.69		2.244		165.5		
15.039		-178.2		85.8		0.02		0.02		0.02		3.69		2.253		166.0		
15.137		-176.5		84.0		0.02		0.02		0.02		3.69		2.261		163.4		
15.234		-177.3		77.0		0.02		0.02		0.02		3.69		2.274		167.3		
15.332		-178.2		75.3		0.02		0.02		0.02		3.69		2.293		167.7		
15.430		-175.6		69.6		0.02		0.02		0.02		3.69		2.295		165.5		
15.527		-177.3		68.7		0.01		0.02		0.02		3.69		2.295		167.3		
15.625		-176.0		63.9		0.02		0.02		0.02		3.69		2.301		165.5		
15.723		-172.6		57.3		0.01		0.02		0.02		3.69		2.308		163.8		
15.820		-174.7		53.8		0.01		0.02		0.02		3.69		2.323		159.5		
15.918		-172.6		45.5		0.02		0.02		0.02		3.69		2.325		159.5		
16.016		-172.6		41.6		0.02		0.02		0.02		3.69		2.318		158.2		
16.113		-164.3		31.5		0.01		0.02		0.02		3.69		2.331		155.6		
16.211		-164.3		24.1		0.01		0.02		0.02		3.69		2.327		154.3		
16.309		-161.3		17.1		0.02		0.02		0.02		3.69		2.297		151.2		
16.406		-160.0		10.9		0.02		0.02		0.02		3.69		2.308		146.0		
16.504		-156.1		5.3		0.02		0.02		0.02		3.69		2.287		145.2		
16.602		-152.6		-2.2		0.01		0.02		0.02		3.69		2.263		140.4		
16.699		-149.6		-7.9		0.01		0.02		0.01		3.69		2.249		133.5		
16.797		-153.5		-1.3		0.02		0.02		0.02		0.02		2.234		143.4		
16.895		-151.3		-4.4		0.02		0.02		0.02		0.02		2.217		140.4		
16.992		-147.4		-9.6		0.02		0.02		0.02		0.02		2.221		142.1		
17.090		-145.7		-11.8		0.02		0.02		0.02		0.02		2.191		141.3		
17.188		-142.7		-13.1		0.02		0.02		0.02		0.02		2.187		142.6		
17.285		-131.4		-37.2		0.02		0.02		0.02		0.02		2.175		151.7		
17.383		-128.8		-37.2		0.02		0.02		0.02		0.02		2.183		155.6		
17.480		-123.6		-44.6		0.02		0.02		0.02		0.02		2.170		161.2		
17.578		-121.4		-50.3		0.02		0.02		0.02		0.02		2.196		159.9		
17.676		-117.9		-55.1		0.02		0.02		0.02		0.02		2.200		163.4		
17.773		-114.5		-60.0		0.02		0.02		0.02		0.02		2.196		162.5		
17.871		-110.6		-65.6		0.02		0.02		0.02		0.02		2.200		163.4		
17.969		-104.9		-70.9		0.02		0.02		0.02		0.02		2.210		164.2		
18.066		-103.2		-76.1		0.02		0.02		0.02		0.02		2.219		165.5		
18.164		-102.3		-79.2		0.02		0.02		0.02		0.02		2.242		163.4		
18.262		-95.8		-89.3		0.02		0.02		0.02		0.02		2.234		165.1		
18.359		-87.2		-90.2		0.02		0.02		0.02		0.02		2.253		166.4		
18.457		-85.9		-91.9		0.02		0.02		0.02		0.02		2.251		165.1		
18.555		-83.7		-95.8		0.02		0.02		0.02		0.02		2.261		170.7		
18.652		-81.5		-104.6		0.02		0.02		0.02		0.02		2.274		168.6		
18.750		-73.7		-104.6		0.02		0.02		0.02		0.02		2.278		168.6		
18.848		-72.0		-109.4		0.02		0.02		0.02		0.02		2.289		166.8		
18.945		-69.4		-110.7		0.02		0.02		0.02		0.02		2.320		166.0		
19.043		-64.2		-116.8		0.02		0.02		0.02		0.02		2.323		163.8		
19.141		-56.4		-119.9		0.02		0.02		0.02		0.02		2.312		162.5		
19.238		-48.6		-122.1		0.02		0.02		0.02		0.02		2.327		163.8		
19.336		-42.5		-127.8		0.02		0.02		0.02		0.02		2.333		159.0		
19.434		-35.6		-132.6		0.02		0.02		0.02		0.02		2.337		155.1		
19.531		-29.9		-139.2		0.02		0.02		0.02		0.02		2.344		155.6		
19.629		-22.5		-144.0		0.02		0.02		0.02		0.02		2.325		152.5		
19.727		-14.7		-147.9		0.02		0.02		0.02		0.02		2.325		149.5		
19.824		-5.6		-150.1		0.02		0.02		0.02		0.02		2.308		144.7		
19.922		2.2		-153.6		0.02		0.02		0.02		0.02		2.293		143.0		
20.020		7.4		-154.9		0.02		0.02		0.02		0.02		2.278		139.5		
20.117		16.0		-156.2		3.69		0.02		0.02		0.02		2.251		139.5		
20.215		5.2		-150.5		3.68		0.02		0.01		0.02		2.240		141.7		
20.313		6.9		-155.8		3.69		0.02		0.02		0.02		2.225		142.6		
20.410		9.1		-155.8		3.68		0.02		0.01		0.02		2.223		142.1		
20.508		13.0		-155.8		3.68		0.03		0.01		0.02		2.206		143.4		
20.605		33.0		-168.9		3.68		0.02		0.01		0.02		2.191		156.0		
20.703		35.6		-168.9		3.68		0.02		0.01		0.02		2.194		156.0		
20.801		40.3		-168.1		3.68		0.02		0.01		0.02		2.204		159.5		
20.898		46.4		-169.8		3.68		0.02		0.01		0.02		2.219		159.0		
20.996		49.0		-168.1		3.69		0.02		0.01		0.02		2.208		159.5		
21.094		56.4		-172.0		3.68		0.02		0.01		0.02		2.208		161.6		
21.191		64.2		-174.2		3.69		0.02		0.01		0.02		2.225		161.6		
21.289		67.6		-176.8		3.68		0.02		0.01		0.02		2.225		162.5		
21.387		72.0		-176.8		3.68		0.02		0.01		0.02		2.238		163.8		
21.484		77.6		-175.9		3.68		0.02		0.01		0.02		2.246		165.1		
21.582		80.2		-177.2		3.68		0.02		0.01		0.02		2.251		167.3		
21.680		85.9		-177.2		3.68		0.02		0.01		0.02		2.268		164.7		
21.777		88.5		-176.4		3.69		0.02		0.01		0.02		2.265		168.1		
21.875		97.1		-178.1		3.68		0.02		0.01		0.02		2.276		166.4		
21.973		101.5		-180.7		3.68		0.02		0.01		0.02		2.295		165.5		
22.070		104.9		-178.6		3.69		0.02		0.01		0.02		2.295		164.7		
22.168		108.4		-177.7		3.68		0.02		0.01		0.02		2.295		166.8		
22.266		113.2		-176.4		3.68		0.02		0.01		0.02		2.331		166.4		
22.363		114.0		-177.2		3.69		0.02		0.01		0.02		2.320		165.1		
22.461		119.7		-175.1		3.68		0.02		0.01		0.02		2.323		163.8		
22.559		124.9		-173.3		3.68		0.02		0.01		0.02		2.333		161.6		
22.656		124.9		-172.0		3.68		0.02		0.01		0.02		2.329		159.5		
22.754		132.2		-165.4		3.68		0.02		0.01		0.02		2.344		157.7		
22.852		137.9		-166.3		3.68		0.02		0.01		0.02		2.337		156.4		
22.949		138.8		-164.1		3.68		0.01		0.01		0.02		2.352		152.1		
23.047		145.7		-159.3		3.68		0.02		0.01		0.02		2.329		152.1		
23.145		147.0		-152.7		3.68		0.01		0.01		0.02		2.320		143.9		
23.242		153.1		-152.7		3.68		0.02		0.01		0.02		2.301		140.0		
23.340		154.8		-147.9		3.68		0.02		0.01		0.02		2.280		137.4		
23.438		160.9		-148.8		3.68		0.01		0.01		0.02		2.263		132.6		
23.535		151.8		-150.1		3.68		3.69		0.01		0.02		2.230		143.4		
23.633		154.8		-145.3		3.68		3.68		0.01		0.01		2.236		142.6		
23.730		157.0		-148.4		3.68		3.68		0.01		0.01		2.219		143.4		
23.828		158.7		-143.1		3.69		3.68		0.01		0.02		2.213		142.1		
23.926		165.2		-137.0		3.69		3.68		0.01		0.01		2.213		151.7		
24.023		168.2		-127.8		3.68		3.68		0.01		0.01		2.213		153.8		
24.121		167.8		-125.2		3.69		3.68		0.01		0.01		2.200		157.7		
24.219		172.1		-121.2		3.68		3.68		0.01		0.01		2.204		158.2		
24.316		170.4		-115.1		3.68		3.68		0.01		0.01		2.206		160.3		
24.414		173.0		-111.6		3.68		3.68		0.01		0.01		2.210		159.5		
24.512		173.9		-109.0		3.68		3.68		0.01		0.01		2.221		162.1		
24.609		173.4		-108.5		3.68		3.68		0.01		0.01		2.217		162.1		
24.707		175.6		-102.0		3.68		3.68		0.01		0.01		2.236		162.9		
24.805		176.9		-99.3		3.68		3.68		0.02		0.01		2.242		164.7		
24.902		177.8		-91.9		3.68		3.68		0.01		0.01		2.244		164.7		
25.000		178.6		-91.5		3.68		3.68		0.01		0.01		2.268		166.8		
25.098		176.5		-85.8		3.69		3.69		0.01		0.01		2.268		163.8		
25.195		180.8		-81.0		3.68		3.68		0.01		0.02		2.280		167.7		
25.293		178.6		-76.1		3.69		3.68		0.01		0.01		2.297		164.7		
25.391		177.8		-72.2		3.69		3.68		0.01		0.02		2.306		164.2		
25.488		176.0		-69.6		3.68		3.68		0.01		0.01		2.304		165.1		
25.586		176.0		-65.6		3.69		3.68		0.01		0.01		2.306		162.9		
25.684		175.2		-62.1		3.68		3.69		0.01		0.01		2.301		165.5		
25.781		175.2		-54.7		3.68		3.68		0.01		0.01		2.318		163.4		
25.879		171.7		-50.3		3.69		3.68		0.02		0.01		2.327		160.8		
25.977		170.0		-42.5		3.69		3.68		0.01		0.01		2.340		158.6		
26.074		167.4		-36.3		3.68		3.68		0.01		0.01		2.337		156.0		
26.172		165.6		-29.3		3.69		3.68		0.01		0.02		2.325		153.4		
26.270		162.2		-21.4		3.69		3.68		0.02		0.01		2.325		153.8		
26.367		158.7		-15.3		3.69		3.68		0.01		0.02		2.310		149.5		
26.465		157.0		-9.2		3.69		3.68		0.01		0.01		2.306		146.5		
26.563		153.9		0.9		3.69		3.69		0.02		0.02		2.293		143.9		
26.660		150.0		4.8		3.68		3.68		0.01		0.02		2.291		142.1		
26.758		149.6		10.9		0.02		3.69		3.68		0.02		2.261		139.5		
26.855		149.2		4.4		0.02		3.69		3.68		0.01		2.253		145.6		
26.953		150.5		8.8		0.02		3.69		3.69		0.01		2.232		146.0		
27.051		145.3		9.6		0.02		3.69		3.68		0.02		2.242		142.6		
27.148		143.1		10.9		0.02		3.69		3.68		0.02		2.213		142.1		
27.246		132.7		36.8		0.02		3.69		3.68		0.02		2.210		159.5		
27.344		127.9		39.4		0.02		3.69		3.69		0.02		2.200		155.1		
27.441		124.4		41.1		0.02		3.69		3.69		0.02		2.210		156.9		
27.539		123.1		48.1		0.02		3.68		3.68		0.02		2.200		158.6		
27.637		118.4		51.6		0.02		3.69		3.69		0.02		2.217		162.1		
27.734		114.5		55.1		0.02		3.69		3.68		0.02		2.219		163.4		
27.832		111.9		63.5		0.02		3.69		3.68		0.01		2.210		165.5		
27.930		106.7		70.9		0.02		3.69		3.68		0.02		2.234		164.7		
28.027		104.9		71.3		0.02		3.68		3.68		0.02		2.249		163.8		
28.125		98.0		74.0		0.02		3.69		3.68		0.02		2.255		166.0		
28.223		98.0		84.5		0.02		3.68		3.68		0.01		2.274		166.8		
28.320		93.2		84.0		0.02		3.68		3.68		0.02		2.274		167.3		
28.418		88.0		90.2		0.02		3.68		3.68		0.02		2.293		168.1		
28.516		83.7		95.8		0.02		3.68		3.68		0.01		2.287		168.1		
28.613		81.1		102.8		0.02		3.69		3.68		0.01		2.304		169.0		
28.711		76.3		102.4		0.02		3.69		3.68		0.01		2.306		169.4		
28.809		72.8		106.3		0.02		3.69		3.68		0.02		2.299		167.3		
28.906		71.5		111.6		0.02		3.69		3.68		0.02		2.299		167.7		
29.004		61.1		112.9		0.02		3.68		3.68		0.01		2.356		164.7		
29.102		58.5		118.6		0.02		3.68		3.68		0.01		2.354		166.8		
29.199		54.6		120.4		0.02		3.69		3.68		0.01		2.350		165.1		
29.297		46.0		125.6		0.02		3.69		3.68		0.01		2.361		162.5		
29.395		39.0		130.4		0.02		3.68		3.68		0.01		2.365		159.5		
29.492		33.8		138.3		0.02		3.69		3.68		0.01		2.367		157.3		
29.590		24.7		139.2		0.02		3.68		3.68		0.02		2.354		150.8		
29.688		18.2		144.0		0.02		3.68		3.68		0.01		2.348		147.8		
29.785		9.1		148.8		0.02		3.68		3.68		0.01		2.346		146.0		
29.883		3.0		151.9		0.02		3.68		3.68		0.01		2.354		142.1		
29.980		-5.6		154.9		0.02		3.68		3.68		0.01		2.312		139.5		
30.078		-14.7		158.4		0.02		3.68		3.67		0.29		2.301		135.6		
30.176		-5.6		155.4		0.01		0.02		3.68		3.69		2.268		145.6		
30.273		-9.5		155.4		0.02		0.02		3.68		3.69		2.270		143.4		
30.371		-10.4		152.7		0.02		0.02		3.68		3.69		2.251		142.6		
30.469		-12.6		153.2		0.01		0.02		3.68		3.69		2.242		141.7		
30.566		-40.3		169.4		0.02		0.02		3.68		3.69		2.234		160.8		
30.664		-38.6		167.2		0.02		0.02		3.68		3.69		2.236		155.1		
30.762		-42.1		167.2		0.01		0.02		3.68		3.69		2.225		154.3		
30.859		-45.5		165.4		0.02		0.02		3.68		3.69		2.238		156.9		
30.957		-52.9		169.8		0.02		0.02		3.68		3.69		2.234		158.2		
31.055		-55.5		171.6		0.01		0.02		3.68		3.69		2.232		158.2		
31.152		-61.1		169.8		0.02		0.02		3.68		3.69		2.227		162.1		
31.250		-66.3		175.5		0.02		0.02		3.68		3.69		2.257		162.5		
31.348		-70.7		171.1		0.02		0.02		3.68		3.69		2.259		165.5		
31.445		-75.4		172.4		0.01		0.02		3.68		3.69		2.268		162.9		
31.543		-77.6		178.1		0.02		0.02		3.68		3.69		2.270		165.1		
31.641		-84.6		175.9		0.02		0.02		3.68		3.69		2.278		163.4		
31.738		-88.9		176.4		0.02		0.02		3.68		3.69		2.285		165.5		
31.836		-93.2		179.0		0.02		0.02		3.68		3.69		2.293		166.0		
31.934		-97.1		176.4		0.01		0.02		3.68		3.69		2.299		163.8		
32.031		-99.3		175.1		0.02		0.02		3.68		3.69		2.314		165.1		
32.129		-108.4		174.6		0.02		0.02		3.68		3.68		2.325		164.2		
32.227		-107.5		176.8		0.01		0.02		3.68		3.69		2.344		162.9		
32.324		-114.5		175.9		0.02		0.02		3.68		3.69		2.335		162.9		
32.422		-117.9		172.9		0.02		0.02		3.68		3.69		2.340		160.3		
32.520		-120.5		175.5		0.02		0.02		3.68		3.69		2.367		162.5		
32.617		-127.0		170.7		0.02		0.02		3.68		3.69		2.354		156.9		
32.715		-128.3		171.6		0.02		0.02		3.68		3.69		2.354		156.9		
32.813		-134.9		166.3		0.01		0.02		3.68		3.69		2.342		156.0		
32.910		-139.6		161.9		0.01		0.02		3.68		3.69		2.346		151.7		
33.008		-145.3		159.3		0.02		0.02		3.68		3.69		2.327		149.1		
33.105		-148.3		156.7		0.01		0.02		3.68		3.69		2.316		145.6		
33.203		-150.0		153.6		0.02		0.02		3.68		3.69		2.314		146.9		
33.301		-154.8		151.0		0.02		0.02		3.68		3.69		2.306		139.1		
33.398		-161.7		145.3		0.02		0.02		3.68		3.69		2.282		138.2		
33.496		-155.2		150.1		0.02		0.02		0.02		3.69		2.272		142.6		
33.594		-154.8		144.9		0.02		0.02		0.02		3.69		2.255		142.1		
33.691		-157.0		144.9		0.02		0.02		0.02		3.69		2.244		140.4		
33.789		-155.7		142.2		0.02		0.02		0.02		3.69		2.230		142.1		
33.887		-161.7		126.9		0.02		0.02		0.02		3.69		2.204		156.4		
33.984		-163.5		126.9		0.02		0.02		0.02		3.69		2.206		152.1		
34.082		-168.2		124.7		0.02		0.02		0.02		3.69		2.204		155.6		
34.180		-167.4		121.7		0.02		0.02		0.02		3.69		2.198		157.3		
34.277		-168.2		119.5		0.02		0.02		0.02		3.69		2.223		159.9		
34.375		-170.4		116.8		0.02		0.02		0.02		3.69		2.210		160.8		
34.473		-172.1		111.2		0.02		0.02		0.02		3.69		2.213		163.4		
34.570		-171.7		106.3		0.01		0.02		0.02		3.69		2.225		160.8		
34.668		-173.4		104.2		0.02		0.02		0.02		3.69		2.219		163.8		
34.766		-173.0		99.3		0.02		0.02		0.02		3.69		2.240		162.5		
34.863		-176.5		94.5		0.02		0.02		0.02		3.69		2.253		162.5		
34.961		-179.1		91.9		0.02		0.02		0.02		3.69		2.249		162.9		
35.059		-178.2		88.8		0.02		0.02		0.02		3.69		2.257		165.5		
35.156		-176.9		84.5		0.02		0.02		0.02		3.69		2.261		165.1		
35.254		-175.2		79.2		0.02		0.02		0.02		3.69		2.270		164.2		
35.352		-177.8		74.0		0.02		0.02		0.02		3.69		2.291		165.1		
35.449		-176.5		72.2		0.02		0.02		0.02		3.69		2.293		166.4		
35.547		-176.0		66.1		0.02		0.02		0.02		3.69		2.308		165.1		
35.645		-177.3		64.3		0.02		0.02		0.02		3.69		2.299		163.4		
35.742		-175.6		56.9		0.01		0.02		0.02		3.69		2.312		162.5		
35.840		-173.9		53.4		0.02		0.02		0.02		3.69		2.312		159.0		
35.938		-171.3		45.5		0.02		0.02		0.02		3.69		2.320		160.8		
36.035		-169.1		37.2		0.01		0.02		0.02		3.69		2.318		156.9		
36.133		-164.3		34.1		0.02		0.02		0.02		3.69		2.316		155.1		
36.230		-167.8		27.1		0.02		0.02		0.02		3.69		2.327		153.0		
36.328		-165.6		18.4		0.02		0.02		0.02		3.69		2.325		148.2		
36.426		-158.7		10.5		0.02		0.02		0.02		3.69		2.295		146.9		
36.523		-153.1		6.1		0.01		0.02		0.02		3.69		2.289		144.3		
36.621		-152.2		-0.9		0.01		0.02		0.02		3.69		2.272		138.7		
36.719		-147.9		-9.6		0.02		0.02		0.02		3.69		2.244		136.9		
36.816		-150.5		-2.2		0.02		0.02		0.02		0.02		2.232		142.6		
36.914		-150.5		-6.6		0.02		0.02		0.02		0.02		2.223		143.4		
37.012		-145.7		-9.6		0.02		0.02		0.02		0.02		2.225		142.6		
37.109		-146.6		-11.4		0.02		0.02		0.02		0.02		2.202		143.0		
37.207		-144.4		-14.4		0.02		0.02		0.02		0.02		2.187		144.7		
37.305		-133.6		-34.1		0.02		0.02		0.02		0.02		2.189		153.8		
37.402		-130.1		-42.0		0.02		0.02		0.02		0.02		2.194		156.9		
37.500		-126.2		-44.6		0.02		0.02		0.02		0.02		2.172		159.0		
37.598		-117.5		-47.7		0.02		0.02		0.02		0.02		2.200		159.9		
37.695		-116.2		-54.3		0.02		0.02		0.02		0.01		2.196		159.9		
37.793		-113.6		-62.1		0.01		0.02		0.02		0.02		2.208		163.8		
37.891		-108.4		-65.6		0.02		0.02		0.02		0.02		2.202		162.9		
37.988		-107.5		-69.1		0.02		0.02		0.02		0.02		2.206		163.8		
38.086		-98.9		-74.0		0.02		0.01		0.02		0.02		2.215		162.5		
38.184		-99.3		-78.3		0.02		0.02		0.02		0.02		2.227		166.8		
38.281		-94.1		-87.1		0.02		0.02		0.02		0.02		2.251		166.0		
38.379		-90.2		-90.6		0.02		0.02		0.02		0.02		2.257		169.0		
38.477		-84.6		-92.3		0.02		0.02		0.02		0.02		2.268		164.7		
38.574		-81.1		-99.8		0.02		0.02		0.02		0.02		2.274		164.7		
38.672		-77.6		-100.2		0.02		0.02		0.02		0.02		2.285		169.4		
38.770		-75.0		-102.4		0.02		0.02		0.02		0.02		2.301		166.4		
38.867		-73.7		-108.1		0.02		0.02		0.02		0.02		2.318		164.2		
38.965		-67.2		-112.0		0.02		0.02		0.02		0.02		2.323		166.8		
39.063		-60.7		-115.5		0.02		0.02		0.02		0.02		2.320		165.1		
39.160		-61.1		-119.5		0.02		0.02		0.02		0.02		2.337		164.2		
39.258		-51.6		-125.2		0.02		0.02		0.02		0.02		2.320		161.6		
39.355		-40.3		-127.8		0.02		0.02		0.02		0.02		2.335		159.5		
39.453		-37.7		-135.7		0.02		0.02		0.02		0.02		2.340		156.4		
39.551		-29.1		-138.7		0.02		0.02		0.02		0.02		2.331		155.1		
39.648		-23.0		-144.9		0.02		0.02		0.02		0.02		2.320		152.5		
39.746		-12.6		-144.9		0.02		0.02		0.02		0.02		2.333		146.9		
39.844		-8.2		-147.5		0.02		0.02		0.02		0.02		2.316		143.0		
39.941		5.2		-151.4		0.02		0.02		0.02		0.02		2.301		141.3		
40.039		9.1		-155.8		0.02		0.02		0.02		0.02		2.268		139.5		
40.137		3.9		-151.0		3.68		0.02		0.01		0.02		2.261		144.3		
40.234		6.1		-155.8		3.68		0.02		0.01		0.02		2.253		140.4		
40.332		10.0		-154.9		3.68		0.02		0.01		0.02		2.238		145.2		
40.430		10.4		-155.8		3.68		0.02		0.01		0.02		2.227		143.9		
40.527		12.6		-155.4		3.68		0.02		0.01		0.02		2.210		140.8		
40.625		31.7		-166.7		3.68		0.02		0.01		0.02		2.210		154.3		
40.723		39.5		-166.7		3.68		0.02		0.01		0.02		2.221		155.1		
40.820		44.7		-170.2		3.68		0.02		0.01		0.02		2.215		156.9		
40.918		43.8		-170.2		3.68		0.02		0.01		0.02		2.208		158.6		
41.016		52.9		-171.6		3.68		0.02		0.01		0.02		2.206		157.7		
41.113		57.2		-169.8		3.69		0.02		0.01		0.02		2.208		162.9		
41.211		65.0		-173.3		3.68		0.02		0.01		0.02		2.232		161.2		
41.309		70.7		-174.6		3.68		0.02		0.01		0.02		2.240		162.5		
41.406		75.9		-175.9		3.68		0.02		0.01		0.02		2.244		164.2		
41.504		78.9		-174.6		3.68		0.02		0.01		0.02		2.249		162.9		
41.602		79.8		-176.8		3.68		0.02		0.01		0.02		2.268		166.8		
41.699		87.6		-175.1		3.68		0.02		0.01		0.02		2.272		168.6		
41.797		88.9		-176.8		3.69		0.02		0.01		0.02		2.274		168.6		
41.895		94.1		-177.7		3.68		0.02		0.01		0.02		2.287		163.8		
41.992		102.3		-175.9		3.68		0.02		0.01		0.02		2.306		165.1		
42.090		105.4		-176.8		3.68		0.02		0.01		0.02		2.308		166.0		
42.188		108.0		-178.6		3.68		0.02		0.01		0.02		2.320		164.7		
42.285		111.9		-175.1		3.68		0.02		0.01		0.02		2.323		165.1		
42.383		116.6		-177.2		3.69		0.02		0.01		0.02		2.329		162.5		
42.480		117.1		-173.7		3.68		0.02		0.01		0.02		2.340		164.2		
42.578		122.3		-171.1		3.68		0.02		0.01		0.02		2.331		161.2		
42.676		128.3		-168.1		3.68		0.02		0.01		0.02		2.337		159.9		
42.773		136.2		-170.2		3.68		0.02		0.01		0.02		2.361		156.9		
42.871		137.5		-166.3		3.68		0.02		0.01		0.02		2.335		153.4		
42.969		143.5		-164.6		3.68		0.02		0.01		0.02		2.331		153.8		
43.066		146.6		-159.3		3.68		0.02		0.01		0.02		2.340		146.5		
43.164		150.5		-155.4		3.68		0.02		0.01		0.02		2.304		143.0		
43.262		153.9		-152.7		3.68		0.02		0.01		0.02		2.308		142.1		
43.359		156.5		-148.8		3.68		0.02		0.01		0.02		2.287		137.8		
43.457		153.5		-154.0		3.69		3.68		0.01		0.01		2.268		144.3		
43.555		154.8		-147.9		3.68		3.68		0.01		0.01		2.257		141.7		
43.652		155.2		-147.5		3.68		3.68		0.01		0.01		2.227		142.1		
43.750		155.2		-147.0		3.68		3.68		0.01		0.01		2.230		142.6		
43.848		155.7		-141.8		3.68		3.68		0.01		0.01		2.230		142.1		
43.945		168.2		-133.9		3.68		3.68		0.01		0.01		2.217		152.5		
44.043		168.7		-130.0		3.69		3.68		0.01		0.02		2.204		156.0		
44.141		170.0		-128.7		3.69		3.68		0.01		0.01		2.206		157.3		
44.238		169.1		-119.9		3.68		3.68		0.01		0.01		2.213		158.6		
44.336		170.8		-117.3		3.68		3.68		0.01		0.01		2.213		159.5		
44.434		170.4		-112.0		3.69		3.68		0.01		0.02		2.232		159.5		
44.531		173.4		-112.0		3.68		3.68		0.01		0.01		2.232		159.9		
44.629		174.3		-105.0		3.69		3.68		0.01		0.01		2.249		162.9		
44.727		174.7		-101.1		3.68		3.68		0.01		0.01		2.240		165.1		
44.824		175.2		-99.3		3.68		3.68		0.01		0.01		2.249		165.5		
44.922		177.8		-91.9		3.69		3.68		0.01		0.01		2.257		166.4		
45.020		176.0		-88.8		3.69		3.68		0.01		0.01		2.263		164.2		
45.117		175.2		-83.2		3.68		3.68		0.01		0.02		2.287		166.8		
45.215		179.9		-81.0		3.69		3.69		0.01		0.01		2.293		164.7		
45.313		177.8		-77.5		3.69		3.68		0.01		0.02		2.304		167.3		
45.410		174.7		-73.1		3.68		3.69		0.01		0.02		2.297		167.3		
45.508		175.2		-67.0		3.69		3.68		0.01		0.02		2.316		166.0		
45.605		176.9		-65.2		3.69		3.68		0.01		0.01		2.314		167.7		
45.703		176.0		-63.0		3.68		3.68		0.01		0.02		2.327		163.8		
45.801		173.0		-56.9		3.69		3.68		0.01		0.02		2.329		164.2		
45.898		173.0		-48.6		3.69		3.68		0.01		0.01		2.335		161.2		
45.996		169.5		-40.3		3.68		3.68		0.01		0.01		2.337		159.5		
46.094		168.7		-33.7		3.69		3.68		0.01		0.02		2.346		154.3		
46.191		164.3		-29.3		3.69		3.68		0.01		0.01		2.335		154.3		
46.289		161.3		-19.3		3.68		3.68		0.01		0.01		2.333		152.1		
46.387		160.0		-14.9		3.69		3.68		0.02		0.02		2.329		146.9		
46.484		158.7		-10.9		3.69		3.68		0.01		0.02		2.327		145.2		
46.582		153.5		-0.4		3.69		3.69		0.02		0.02		2.308		143.4		
46.680		153.5		7.0		3.69		3.69		0.01		0.02		2.272		139.5		
46.777		149.2		14.9		0.03		3.69		3.68		0.02		2.268		136.9		
46.875		150.9		4.8		0.02		3.69		3.69		0.02		2.263		145.2		
46.973		147.4		8.8		0.02		3.69		3.68		0.02		2.240		146.5		
47.070		147.0		8.8		0.02		3.69		3.68		0.02		2.227		140.0		
47.168		144.4		12.7		0.02		3.68		3.68		0.02		2.217		143.4		
47.266		137.0		28.0		0.02		3.69		3.68		0.02		2.206		153.4		
47.363		127.0		37.2		0.02		3.69		3.69		0.02		2.223		157.3		
47.461		129.6		42.5		0.02		3.68		3.69		0.02		2.210		159.0		
47.559		122.7		48.1		0.02		3.69		3.68		0.02		2.206		158.2		
47.656		118.4		53.8		0.02		3.69		3.68		0.02		2.206		159.0		
47.754		116.6		59.1		0.02		3.69		3.68		0.02		2.236		162.9		
47.852		111.9		60.4		0.02		3.68		3.68		0.01		2.238		164.2		
47.949		106.2		68.3		0.02		3.68		3.68		0.02		2.246		166.8		
48.047		104.5		75.7		0.02		3.69		3.68		0.02		2.246		162.9		
48.145		99.7		79.2		0.02		3.68		3.68		0.02		2.263		166.0		
48.242		93.2		82.7		0.02		3.68		3.68		0.01		2.278		165.5		
48.340		91.1		90.2		0.02		3.68		3.68		0.02		2.293		167.7		
48.438		83.3		90.6		0.02		3.69		3.68		0.02		2.276		166.8		
48.535		83.3		96.3		0.02		3.68		3.68		0.01		2.285		166.0		
48.633		82.0		99.3		0.02		3.68		3.68		0.01		2.323		167.3		
48.730		74.1		102.8		0.02		3.68		3.68		0.01		2.318		166.8		
48.828		72.0		106.8		0.02		3.68		3.68		0.02		2.333		168.6		
48.926		69.4		110.7		0.02		3.68		3.68		0.02		2.342		169.0		
49.023		61.6		113.8		0.02		3.68		3.68		0.02		2.337		166.4		
49.121		59.8		118.6		0.02		3.68		3.68		0.01		2.361		163.4		
49.219		52.0		118.6		0.02		3.68		3.68		0.01		2.356		160.8		
49.316		45.5		128.7		0.02		3.68		3.68		0.02		2.365		160.8		
49.414		39.0		130.4		0.02		3.68		3.68		0.02		2.371		157.3		
49.512		32.1		136.1		0.02		3.68		3.68		0.02		2.367		156.4		
49.609		22.1		141.8		0.02		3.69		3.68		0.02		2.361		152.5		
49.707		14.3		145.7		0.02		3.68		3.68		0.01		2.335		149.5		
49.805		8.2		145.7		0.02		3.68		3.68		0.01		2.346		147.3		
49.902		2.6		155.4		0.02		3.69		3.68		0.02		2.331		141.7		
