Oscilloscope Trace Export		
Festo Didactic LVDAC-EMS 3.19		
		
		
		Ch1		Ch2		Ch3		Ch4		Ch5		Ch6		Ch7		Ch8		
Time 		E1		E2		AI5		AI1		AI6		AI2		I3		E3		
(ms)		(V)		(V)		(V)		(V)		(V)		(V)		(A)		(V)		
0.000		55.1		-172.4		0.01		0.02		0.01		3.69		0.639		-38.6		
0.098		22.1		-177.7		0.01		0.02		0.02		3.68		0.723		-23.8		
0.195		25.1		-176.4		0.01		0.02		0.02		3.68		0.795		-31.2		
0.293		29.1		-183.4		0.01		0.02		0.02		3.69		0.840		-38.6		
0.391		39.9		-183.8		0.01		0.02		0.02		3.68		0.903		-46.8		
0.488		44.2		-185.1		0.01		0.02		0.02		3.69		0.935		-54.6		
0.586		53.3		-187.3		0.01		0.02		0.02		3.68		0.981		-56.8		
0.684		56.4		-187.7		0.01		0.02		0.02		3.69		1.024		-65.4		
0.781		65.0		-193.4		0.01		0.02		0.02		3.68		1.043		-68.9		
0.879		69.4		-193.9		0.02		0.02		0.02		3.68		1.058		-77.1		
0.977		73.3		-196.1		0.01		0.02		0.02		3.68		1.096		-81.0		
1.074		79.8		-195.2		0.02		0.02		0.02		3.68		1.127		-87.5		
1.172		83.3		-199.6		0.01		0.02		0.02		3.68		1.142		-92.3		
1.270		88.5		-199.6		0.01		0.02		0.02		3.69		1.138		-96.2		
1.367		91.5		-199.6		0.02		0.02		0.02		3.68		1.170		-101.8		
1.465		100.2		-201.3		0.02		0.02		0.02		3.68		1.161		-104.4		
1.563		102.3		-200.9		0.02		0.02		0.02		3.69		1.149		-111.8		
1.660		106.2		-199.6		0.01		0.02		0.02		3.68		1.127		-112.2		
1.758		109.7		-201.8		0.01		0.02		0.02		3.68		1.111		-116.6		
1.855		116.2		-198.7		0.01		0.02		0.02		3.68		1.079		-121.3		
1.953		117.1		-200.9		0.02		0.02		0.02		3.69		1.058		-127.4		
2.051		124.0		-200.4		0.01		0.02		0.02		3.68		1.032		-127.8		
2.148		127.5		-199.6		0.01		0.02		0.02		3.68		1.007		-134.3		
2.246		130.5		-200.9		0.01		0.02		0.02		3.68		1.001		-135.6		
2.344		133.6		-200.0		0.01		0.02		0.02		3.68		0.977		-138.2		
2.441		138.8		-196.9		0.01		0.02		0.02		3.68		0.941		-141.7		
2.539		142.2		-191.2		0.02		0.02		0.02		3.68		0.922		-147.8		
2.637		147.9		-195.2		0.01		0.02		0.02		3.68		0.878		-149.5		
2.734		150.9		-190.4		0.01		0.02		0.02		3.68		0.846		-156.0		
2.832		154.8		-188.6		0.01		0.02		0.02		3.68		0.795		-157.3		
2.930		157.0		-183.4		0.01		0.02		0.02		3.68		0.726		-158.2		
3.027		160.9		-178.1		0.01		0.02		0.02		3.68		0.681		-163.8		
3.125		161.7		-173.7		0.02		0.02		0.02		3.69		0.637		-169.0		
3.223		167.4		-170.7		0.01		0.02		0.02		3.68		0.577		-168.6		
3.320		205.1		-183.4		0.02		0.03		0.02		0.02		0.599		-13.4		
3.418		171.7		-157.1		0.02		0.02		0.02		0.02		0.694		-18.6		
3.516		178.6		-151.9		0.02		0.02		0.02		0.02		0.776		-33.4		
3.613		180.8		-148.8		0.02		0.02		0.02		0.02		0.840		-40.7		
3.711		183.4		-145.7		0.02		0.02		0.01		0.02		0.910		-45.1		
3.809		186.4		-138.3		0.02		0.02		0.02		0.02		0.960		-51.6		
3.906		189.9		-139.2		0.01		0.02		0.01		0.02		0.998		-59.4		
4.004		190.4		-132.2		0.02		0.02		0.02		0.02		1.024		-64.1		
4.102		189.9		-127.8		0.02		0.02		0.01		0.02		1.053		-69.3		
4.199		194.3		-50.3		0.02		0.02		0.02		0.02		1.056		-74.5		
4.297		198.6		-119.0		0.02		0.02		0.02		0.02		1.091		-78.4		
4.395		198.2		-116.8		0.02		0.02		0.02		0.02		1.108		-85.8		
4.492		194.3		-109.0		0.02		0.02		0.01		0.02		1.117		-89.7		
4.590		197.3		-109.8		0.02		0.02		0.02		0.02		1.121		-94.5		
4.688		199.5		-105.5		0.02		0.02		0.02		0.02		1.134		-100.5		
4.785		202.5		-101.5		0.02		0.02		0.02		0.02		1.138		-107.0		
4.883		199.0		-95.4		0.02		0.02		0.02		0.02		1.151		-109.6		
4.980		201.6		-94.5		0.02		0.02		0.01		0.02		1.153		-115.7		
5.078		202.1		-90.2		0.02		0.02		0.02		0.02		1.140		-118.3		
5.176		201.6		-87.5		0.02		0.02		0.02		0.02		1.104		-124.8		
5.273		199.0		-84.0		0.02		0.02		0.02		0.02		1.087		-127.0		
5.371		201.2		-76.6		0.02		0.02		0.02		0.02		1.041		-130.0		
5.469		200.8		-74.8		0.02		0.02		0.02		0.02		1.026		-131.7		
5.566		199.0		-70.5		0.02		0.02		0.02		0.02		0.975		-134.3		
5.664		199.9		-63.5		0.02		0.02		0.02		0.02		0.954		-138.7		
5.762		197.7		-60.8		0.02		0.02		0.02		0.02		0.922		-142.6		
5.859		193.4		-53.8		0.02		0.02		0.02		0.02		0.886		-145.6		
5.957		194.3		-47.3		0.02		0.02		0.02		0.02		0.857		-148.2		
6.055		187.3		-37.2		0.02		0.02		0.02		0.02		0.840		-155.6		
6.152		187.3		-30.6		0.02		0.02		0.02		0.02		0.802		-159.5		
6.250		187.8		-26.7		0.02		0.02		0.02		0.02		0.757		-162.1		
6.348		179.9		-18.8		0.02		0.02		0.02		0.02		0.700		-162.5		
6.445		178.6		-11.4		0.02		0.02		0.02		0.02		0.660		-169.9		
6.543		172.1		-4.8		0.02		0.03		0.02		0.02		0.605		-172.0		
6.641		137.5		13.1		3.67		0.01		-0.02		0.01		0.620		16.5		
6.738		160.4		17.9		3.68		0.02		0.01		0.02		0.698		-22.5		
6.836		153.1		22.3		3.69		0.02		0.01		0.02		0.774		-30.3		
6.934		152.2		31.5		3.68		0.03		0.01		0.02		0.838		-36.4		
7.031		147.0		37.2		3.69		0.02		0.01		0.02		0.882		-43.8		
7.129		141.8		45.5		3.68		0.02		0.02		0.02		0.935		-51.1		
7.227		137.0		52.1		3.68		0.02		0.02		0.02		0.967		-59.4		
7.324		132.2		56.9		3.69		0.02		0.02		0.02		1.009		-62.8		
7.422		129.2		62.6		3.68		0.02		0.02		0.02		1.026		-68.9		
7.520		124.0		67.8		3.69		0.02		0.02		0.02		1.047		-75.0		
7.617		121.4		74.4		3.68		0.02		0.02		0.02		1.106		-81.5		
7.715		120.5		77.5		3.68		0.02		0.01		0.02		1.140		-87.1		
7.813		115.8		83.2		3.69		0.03		0.02		0.02		1.146		-91.4		
7.910		108.0		91.9		3.68		0.02		0.02		0.02		1.155		-96.2		
8.008		108.4		96.7		3.68		0.02		0.02		0.02		1.176		-100.5		
8.105		101.0		96.3		3.69		0.02		0.01		0.02		1.163		-104.4		
8.203		97.1		103.3		3.68		0.02		0.01		0.02		1.168		-107.0		
8.301		95.8		104.6		3.68		0.02		0.01		0.02		1.144		-111.4		
8.398		90.6		110.7		3.68		0.02		0.01		0.02		1.136		-117.0		
8.496		89.3		111.6		3.68		0.02		0.01		0.02		1.102		-121.3		
8.594		83.3		120.4		3.68		0.02		0.01		0.02		1.079		-123.5		
8.691		79.3		124.3		3.69		0.02		0.01		0.02		1.053		-127.8		
8.789		75.4		128.2		3.68		0.02		0.02		0.02		1.041		-131.7		
8.887		74.1		128.7		3.68		0.02		0.01		0.02		1.013		-133.9		
8.984		69.8		133.9		3.69		0.02		0.01		0.02		1.001		-137.4		
9.082		64.6		134.8		3.68		0.02		0.01		0.02		0.979		-139.5		
9.180		58.5		140.9		3.68		0.02		0.01		0.02		0.958		-144.7		
9.277		48.1		143.5		3.69		0.02		0.01		0.02		0.916		-150.4		
9.375		42.5		148.4		3.68		0.02		0.01		0.02		0.880		-150.8		
9.473		31.7		150.1		3.68		0.02		0.02		0.02		0.836		-153.0		
9.570		28.2		156.2		3.68		0.02		0.01		0.02		0.774		-159.9		
9.668		19.1		161.9		3.68		0.02		0.01		0.02		0.740		-163.8		
9.766		12.1		166.3		3.68		0.02		0.01		0.02		0.671		-164.7		
9.863		6.1		165.9		3.69		0.02		0.02		0.02		0.611		-166.8		
9.961		-24.7		188.6		3.68		3.68		0.00		0.01		0.622		29.5		
10.059		-18.2		177.2		3.68		3.69		0.01		0.01		0.721		-22.1		
10.156		-24.3		175.5		3.69		3.69		0.01		0.01		0.814		-26.9		
10.254		-31.2		177.7		3.69		3.69		0.01		0.01		0.882		-36.8		
10.352		-38.2		182.5		3.68		3.68		0.01		0.01		0.937		-45.1		
10.449		-45.5		186.9		3.68		3.69		0.02		0.02		0.984		-51.6		
10.547		-52.0		186.0		3.69		3.68		0.02		0.02		1.026		-57.6		
10.645		-57.2		188.6		3.68		3.68		0.01		0.01		1.068		-63.3		
10.742		-62.9		191.7		3.68		3.69		0.01		0.02		1.085		-68.9		
10.840		-67.6		190.4		3.69		3.69		0.01		0.01		1.104		-74.1		
10.938		-75.9		191.7		3.68		3.69		0.01		0.01		1.123		-82.8		
11.035		-79.3		193.9		3.68		3.69		0.01		0.01		1.144		-86.2		
11.133		-84.1		196.9		3.69		3.68		0.02		0.01		1.168		-91.0		
11.230		-87.6		199.6		3.68		3.69		0.01		0.02		1.168		-93.2		
11.328		-94.1		196.1		3.69		3.69		0.02		0.02		1.185		-100.1		
11.426		-96.7		203.9		3.68		3.68		0.02		0.01		1.199		-104.4		
11.523		-101.0		200.9		3.68		3.68		0.01		0.02		1.208		-107.5		
11.621		-105.4		203.5		3.69		3.68		0.02		0.01		1.204		-112.2		
11.719		-110.1		201.3		3.69		3.68		0.01		0.02		1.185		-116.1		
11.816		-113.2		201.8		3.68		3.69		0.02		0.02		1.163		-121.3		
11.914		-119.2		200.4		3.68		3.69		0.01		0.02		1.157		-125.7		
12.012		-118.8		203.1		3.69		3.68		0.02		0.02		1.104		-129.6		
12.109		-124.4		202.2		3.68		3.69		0.01		0.01		1.087		-130.4		
12.207		-129.6		201.8		3.68		3.68		0.01		0.01		1.049		-132.2		
12.305		-132.7		199.6		3.68		3.69		0.01		0.02		1.022		-134.8		
12.402		-136.6		200.0		3.68		3.69		0.01		0.02		0.979		-141.7		
12.500		-141.8		196.5		3.68		3.69		0.01		0.01		0.948		-143.4		
12.598		-146.6		191.2		3.68		3.69		0.01		0.02		0.929		-147.8		
12.695		-150.0		188.6		3.68		3.68		0.01		0.01		0.893		-151.7		
12.793		-153.1		186.0		3.69		3.69		0.02		0.02		0.863		-157.3		
12.891		-160.4		185.1		3.68		3.69		0.01		0.02		0.829		-158.6		
12.988		-157.8		178.6		3.68		3.69		0.01		0.02		0.785		-163.4		
13.086		-162.6		176.4		3.68		3.69		0.01		0.02		0.734		-165.5		
13.184		-166.1		174.6		3.68		3.69		0.02		0.01		0.673		-168.6		
13.281		-97.1		35.4		0.04		3.69		3.70		0.02		0.637		-80.6		
13.379		-169.5		161.1		0.02		3.68		3.68		0.01		0.742		-8.2		
13.477		-178.2		154.5		0.02		3.69		3.68		0.02		0.829		-26.9		
13.574		-178.2		148.8		0.02		3.69		3.68		0.02		0.888		-38.1		
13.672		-182.1		146.2		0.02		3.69		3.68		0.02		0.950		-40.3		
13.770		-184.3		143.1		0.02		3.69		3.68		0.01		0.990		-52.9		
13.867		-186.9		138.3		0.02		3.69		3.68		0.02		1.020		-56.8		
13.965		-191.7		132.2		0.02		3.69		3.68		0.02		1.045		-61.5		
14.063		-191.2		132.2		0.02		3.69		3.68		0.01		1.108		-67.6		
14.160		-190.8		125.6		0.02		3.69		3.68		0.02		1.117		-75.0		
14.258		-196.0		119.5		0.02		3.69		3.68		0.01		1.151		-81.0		
14.355		-197.7		116.4		0.03		3.69		3.68		0.02		1.172		-82.3		
14.453		-198.2		112.5		0.02		3.69		3.68		0.02		1.199		-90.6		
14.551		-198.6		108.5		0.02		3.69		3.68		0.02		1.216		-94.0		
14.648		-199.9		104.6		0.02		3.69		3.68		0.01		1.227		-100.5		
14.746		-200.3		103.7		0.02		3.69		3.68		0.02		1.212		-104.0		
14.844		-200.8		98.9		0.02		3.69		3.68		0.01		1.216		-109.2		
14.941		-201.6		95.0		0.02		3.69		3.68		0.01		1.176		-112.2		
15.039		-201.2		89.3		0.02		3.69		3.68		0.01		1.176		-117.4		
15.137		-204.7		85.3		0.02		3.69		3.68		0.02		1.163		-119.6		
15.234		-202.5		82.7		0.02		3.69		3.68		0.01		1.149		-120.9		
15.332		-202.5		78.3		0.02		3.69		3.68		0.02		1.119		-131.3		
15.430		-202.9		72.6		0.02		3.69		3.68		0.02		1.091		-128.7		
15.527		-200.8		70.9		0.02		3.71		3.68		0.01		1.064		-133.5		
15.625		-199.0		67.4		0.02		3.68		3.68		0.01		1.056		-138.7		
15.723		-197.7		60.0		0.02		3.69		3.68		0.02		1.030		-143.0		
15.820		-194.7		54.3		0.02		3.69		3.68		0.01		0.988		-144.7		
15.918		-195.6		47.3		0.02		3.69		3.68		0.02		0.967		-147.8		
16.016		-189.5		45.1		0.02		3.69		3.68		0.01		0.922		-151.2		
16.113		-187.8		36.8		0.02		3.69		3.68		0.02		0.871		-156.9		
16.211		-184.3		28.0		0.02		3.68		3.68		0.01		0.838		-160.8		
16.309		-180.8		20.6		0.02		3.69		3.68		0.01		0.772		-163.8		
16.406		-179.9		16.2		0.02		3.69		3.68		0.02		0.711		-165.1		
16.504		-173.4		8.3		0.02		3.68		3.68		0.01		0.656		-167.3		
16.602		-162.6		-15.3		0.02		0.02		3.68		3.69		0.616		-137.4		
16.699		-145.7		-24.9		0.02		0.02		3.68		3.68		0.715		-29.0		
16.797		-156.5		-23.2		0.01		0.02		3.68		3.68		0.810		-27.3		
16.895		-150.0		-31.9		0.02		0.02		3.68		3.68		0.895		-39.4		
16.992		-147.4		-36.8		0.01		0.02		3.68		3.68		0.948		-47.2		
17.090		-139.6		-45.1		0.01		0.02		3.68		3.68		0.992		-51.1		
17.188		-137.0		-50.3		0.01		0.02		3.68		3.68		1.030		-57.2		
17.285		-137.0		-55.6		0.01		0.02		3.68		3.68		1.075		-64.1		
17.383		-129.2		-63.5		0.01		0.02		3.68		3.68		1.077		-68.5		
17.480		-128.8		-68.3		0.01		0.02		3.68		3.68		1.102		-74.1		
17.578		-120.5		-73.1		0.01		0.02		3.68		3.68		1.130		-82.3		
17.676		-117.9		-74.8		0.01		0.02		3.68		3.68		1.123		-84.5		
17.773		-115.3		-85.3		0.02		0.02		3.68		3.68		1.153		-90.1		
17.871		-113.2		-89.3		0.02		0.02		3.68		3.68		1.157		-97.1		
17.969		-107.1		-91.9		0.02		0.02		3.68		3.68		1.168		-99.7		
18.066		-102.3		-97.2		0.01		0.02		3.68		3.69		1.172		-104.9		
18.164		-100.2		-99.8		0.02		0.02		3.68		3.69		1.185		-110.9		
18.262		-95.4		-108.1		0.02		0.02		3.68		3.69		1.191		-116.6		
18.359		-91.9		-112.0		0.02		0.02		3.68		3.69		1.168		-117.9		
18.457		-87.2		-116.0		0.02		0.02		3.68		3.68		1.138		-121.8		
18.555		-85.9		-117.7		0.01		0.02		3.68		3.69		1.130		-124.4		
18.652		-80.2		-117.7		0.02		0.02		3.68		3.68		1.087		-127.8		
18.750		-76.7		-126.0		0.02		0.02		3.68		3.68		1.058		-134.8		
18.848		-75.9		-131.3		0.01		0.02		3.68		3.68		1.005		-133.0		
18.945		-68.9		-128.7		0.02		0.02		3.68		3.68		0.996		-135.2		
19.043		-65.9		-136.1		0.01		0.02		3.68		3.68		0.965		-140.0		
19.141		-58.1		-136.1		0.01		0.02		3.68		3.69		0.920		-143.9		
19.238		-51.2		-143.1		0.02		0.02		3.68		3.69		0.901		-151.7		
19.336		-41.6		-150.1		0.02		0.03		3.68		3.69		0.876		-154.7		
19.434		-36.9		-155.8		0.01		0.02		3.68		3.68		0.825		-156.9		
19.531		-29.9		-160.6		0.02		0.02		3.68		3.69		0.800		-159.9		
19.629		-23.8		-158.9		0.01		0.02		3.68		3.69		0.757		-165.5		
19.727		-18.2		-163.2		0.01		0.02		3.68		3.68		0.707		-166.4		
19.824		-12.1		-165.9		0.01		0.02		3.68		3.68		0.647		-169.9		
19.922		-1.3		-167.6		0.02		0.04		0.02		3.69		0.594		-171.6		
20.020		0.4		-160.2		0.01		0.02		0.02		3.69		0.679		-21.7		
20.117		19.9		-176.4		0.01		0.02		0.02		3.68		0.783		-28.2		
20.215		27.8		-177.7		0.01		0.02		0.02		3.69		0.838		-35.5		
20.313		37.3		-181.2		0.01		0.02		0.02		3.68		0.884		-41.6		
20.410		42.5		-183.8		0.02		0.02		0.02		3.68		0.926		-50.7		
20.508		48.6		-185.6		0.02		0.02		0.02		3.68		0.958		-54.2		
20.605		53.8		-191.7		0.01		0.02		0.02		3.68		1.011		-62.0		
20.703		58.1		-191.7		0.01		0.02		0.01		3.68		1.028		-65.9		
20.801		65.9		-194.3		0.01		0.02		0.02		3.68		1.081		-72.8		
20.898		70.2		-194.7		0.01		0.02		0.02		3.68		1.100		-79.3		
20.996		75.4		-193.4		0.01		0.02		0.02		3.68		1.153		-86.2		
21.094		79.3		-197.4		0.02		0.02		0.02		3.68		1.149		-88.4		
21.191		88.5		-196.5		0.01		0.02		0.02		3.68		1.166		-94.5		
21.289		92.8		-199.6		0.02		0.02		0.02		3.68		1.168		-97.5		
21.387		95.0		-201.8		0.01		0.02		0.02		3.68		1.180		-102.3		
21.484		99.3		-200.0		0.01		0.02		0.02		3.68		1.155		-107.9		
21.582		103.6		-196.5		0.01		0.02		0.02		3.68		1.153		-113.1		
21.680		109.7		-199.6		0.02		0.02		0.02		3.68		1.127		-117.4		
21.777		110.1		-200.9		0.01		0.02		0.02		3.68		1.104		-120.0		
21.875		119.2		-199.6		0.02		0.02		0.02		3.68		1.077		-120.9		
21.973		122.3		-200.4		0.01		0.02		0.02		3.68		1.079		-126.5		
22.070		126.2		-203.1		0.01		0.02		0.02		3.68		1.053		-131.7		
22.168		128.8		-201.3		0.02		0.02		0.02		3.68		1.017		-133.0		
22.266		128.3		-200.9		0.01		0.02		0.02		3.68		1.011		-136.1		
22.363		134.9		-199.6		0.01		0.02		0.02		3.68		0.986		-139.1		
22.461		136.6		-193.9		0.01		0.02		0.02		3.68		0.958		-145.6		
22.559		144.0		-193.4		0.01		0.02		0.02		3.68		0.916		-149.5		
22.656		147.9		-192.1		0.01		0.02		0.01		3.68		0.895		-150.4		
22.754		151.8		-192.1		0.01		0.02		0.02		3.68		0.844		-153.8		
22.852		153.9		-184.7		0.01		0.02		0.02		3.68		0.787		-159.0		
22.949		157.8		-180.7		0.01		0.02		0.01		3.68		0.740		-162.9		
23.047		159.1		-176.4		0.02		0.02		0.02		3.68		0.690		-166.0		
23.145		163.0		-171.6		0.01		0.02		0.01		3.68		0.630		-167.7		
23.242		170.0		-168.5		0.01		0.02		0.02		3.68		0.586		-171.2		
23.340		203.8		-177.7		0.02		0.02		0.01		0.02		0.654		-15.2		
23.438		176.0		-153.2		0.02		0.02		0.02		0.02		0.759		-26.9		
23.535		181.2		-150.5		0.02		0.02		0.02		0.02		0.833		-34.2		
23.633		180.8		-147.5		0.02		0.02		0.02		0.02		0.880		-43.3		
23.730		185.6		-146.2		0.02		0.02		0.01		0.02		0.954		-48.1		
23.828		186.9		-141.4		0.02		0.02		0.01		0.01		0.994		-59.8		
23.926		189.1		-135.2		0.02		0.02		0.02		0.02		1.022		-62.0		
24.023		188.2		-131.3		0.02		0.02		0.02		0.02		1.060		-67.2		
24.121		191.7		-129.1		0.02		0.02		0.02		0.02		1.085		-68.5		
24.219		193.8		-122.1		0.02		0.02		0.02		0.02		1.096		-76.7		
24.316		197.7		-119.0		0.02		0.02		0.02		0.02		1.115		-84.1		
24.414		195.1		-116.0		0.02		0.02		0.02		0.02		1.130		-86.2		
24.512		198.2		-110.7		0.02		0.02		0.02		0.02		1.142		-94.0		
24.609		198.2		-106.3		0.02		0.02		0.02		0.02		1.161		-97.5		
24.707		201.2		-105.5		0.02		0.02		0.02		0.02		1.170		-104.4		
24.805		199.5		-99.3		0.02		0.02		0.02		0.02		1.163		-110.1		
24.902		202.1		-95.8		0.02		0.02		0.02		0.02		1.166		-110.5		
25.000		199.9		-91.0		0.02		0.02		0.02		0.02		1.163		-117.0		
25.098		199.0		-88.8		0.02		0.02		0.02		0.02		1.146		-118.7		
25.195		200.3		-84.0		0.02		0.02		0.02		0.02		1.132		-120.5		
25.293		204.2		-81.8		0.02		0.02		0.02		0.02		1.089		-128.3		
25.391		202.1		-77.9		0.02		0.03		0.02		0.02		1.058		-131.3		
25.488		200.8		-72.6		0.02		0.02		0.02		0.02		1.026		-133.0		
25.586		197.7		-71.8		0.02		0.02		0.02		0.02		0.994		-133.9		
25.684		196.9		-62.6		0.02		0.02		0.02		0.02		0.965		-135.6		
25.781		193.4		-56.9		0.02		0.02		0.02		0.02		0.929		-144.7		
25.879		195.1		-49.0		0.02		0.02		0.02		0.02		0.897		-147.3		
25.977		193.8		-44.2		0.02		0.02		0.02		0.02		0.869		-152.5		
26.074		187.8		-38.1		0.02		0.02		0.02		0.02		0.829		-155.1		
26.172		185.6		-31.1		0.02		0.02		0.02		0.02		0.783		-159.0		
26.270		183.0		-24.9		0.02		0.02		0.02		0.02		0.755		-162.5		
26.367		179.9		-17.9		0.02		0.02		0.02		0.02		0.719		-164.7		
26.465		176.0		-11.4		0.02		0.02		0.02		0.02		0.649		-171.6		
26.563		168.7		-3.5		0.02		0.02		0.02		0.02		0.594		-170.3		
26.660		144.4		10.9		3.69		0.03		0.01		0.02		0.660		-31.6		
26.758		153.9		17.9		3.68		0.03		0.01		0.02		0.747		-24.3		
26.855		155.2		28.4		3.68		0.02		0.02		0.02		0.814		-31.6		
26.953		147.0		33.3		3.69		0.03		0.02		0.02		0.865		-42.5		
27.051		142.7		41.1		3.68		0.02		0.02		0.02		0.924		-47.2		
27.148		137.0		49.5		3.69		0.03		0.01		0.02		0.954		-52.9		
27.246		138.3		56.0		3.68		0.02		0.02		0.02		0.984		-59.8		
27.344		130.5		60.8		3.68		0.03		0.02		0.02		1.039		-67.2		
27.441		126.2		65.2		3.68		0.02		0.02		0.02		1.070		-73.2		
27.539		123.1		70.9		3.69		0.02		0.01		0.02		1.098		-78.4		
27.637		119.7		77.9		3.68		0.03		0.02		0.02		1.130		-81.9		
27.734		115.8		83.6		3.69		0.02		0.02		0.02		1.153		-88.4		
27.832		114.0		84.5		3.68		0.02		0.01		0.02		1.182		-95.8		
27.930		107.1		92.3		3.68		0.03		0.02		0.02		1.187		-99.2		
28.027		104.5		95.8		3.69		0.02		0.01		0.02		1.185		-101.8		
28.125		98.9		98.9		3.68		0.02		0.02		0.02		1.176		-105.7		
28.223		98.4		105.0		3.68		0.02		0.01		0.02		1.174		-113.1		
28.320		94.1		106.3		3.68		0.02		0.02		0.02		1.166		-116.6		
28.418		88.9		115.1		3.68		0.02		0.01		0.02		1.119		-117.4		
28.516		84.1		118.6		3.68		0.02		0.01		0.02		1.113		-118.7		
28.613		82.8		120.4		3.69		0.02		0.02		0.02		1.081		-124.4		
28.711		75.9		124.7		3.68		0.02		0.02		0.02		1.062		-130.9		
28.809		74.6		125.2		3.68		0.02		0.01		0.02		1.056		-133.0		
28.906		69.8		130.4		3.68		0.02		0.01		0.02		1.030		-134.3		
29.004		67.2		132.2		3.68		0.02		0.01		0.02		1.001		-140.0		
29.102		61.6		136.1		3.68		0.02		0.01		0.02		0.981		-140.8		
29.199		51.6		144.4		3.68		0.02		0.01		0.02		0.954		-146.9		
29.297		47.7		146.6		3.68		0.02		0.01		0.02		0.920		-152.1		
29.395		40.3		151.9		3.68		0.02		0.01		0.02		0.888		-154.3		
29.492		35.1		154.9		3.68		0.02		0.01		0.02		0.838		-158.2		
29.590		27.8		158.9		3.68		0.03		0.01		0.02		0.778		-160.8		
29.688		18.2		161.5		3.68		0.03		0.01		0.02		0.721		-164.2		
29.785		11.7		164.6		3.68		0.02		0.01		0.02		0.675		-169.0		
29.883		79.3		243.8		3.68		3.68		0.01		0.01		0.687		73.7		
29.980		-10.0		163.7		3.68		3.69		0.01		0.02		0.781		-15.2		
30.078		-19.5		174.6		3.68		3.69		0.01		0.02		0.867		-24.3		
30.176		-28.2		176.8		3.68		3.69		0.01		0.01		0.935		-32.9		
30.273		-35.1		181.2		3.68		3.69		0.01		0.02		1.003		-41.6		
30.371		-40.8		184.7		3.69		3.69		0.01		0.02		1.051		-48.5		
30.469		-46.8		187.3		3.69		3.69		0.02		0.02		1.104		-51.6		
30.566		-55.5		189.1		3.68		3.69		0.01		0.02		1.138		-59.8		
30.664		-59.8		187.3		3.69		3.69		0.01		0.02		1.159		-65.4		
30.762		-66.8		190.8		3.69		3.69		0.01		0.02		1.189		-69.8		
30.859		-71.5		191.2		3.68		3.68		0.01		0.01		1.229		-74.5		
30.957		-76.7		194.7		3.69		3.69		0.02		0.02		1.240		-82.8		
31.055		-80.7		195.6		3.69		3.69		0.01		0.02		1.237		-87.5		
31.152		-85.0		198.7		3.68		3.69		0.01		0.02		1.256		-92.3		
31.250		-91.1		201.3		3.68		3.68		0.02		0.02		1.267		-95.3		
31.348		-95.0		197.8		3.68		3.68		0.01		0.01		1.282		-102.3		
31.445		-100.6		202.2		3.69		3.69		0.02		0.02		1.269		-107.5		
31.543		-103.2		201.3		3.69		3.68		0.01		0.02		1.280		-110.1		
31.641		-110.1		202.2		3.68		3.68		0.01		0.02		1.261		-113.5		
31.738		-110.1		201.3		3.69		3.68		0.02		0.01		1.252		-120.9		
31.836		-116.2		200.0		3.69		3.69		0.01		0.02		1.225		-123.1		
31.934		-119.2		200.9		3.68		3.69		0.01		0.01		1.201		-126.5		
32.031		-124.0		203.5		3.68		3.68		0.01		0.02		1.170		-128.3		
32.129		-125.7		200.4		3.68		3.69		0.01		0.01		1.140		-131.3		
32.227		-130.1		200.4		3.68		3.69		0.01		0.02		1.117		-138.2		
32.324		-135.3		197.8		3.68		3.69		0.01		0.02		1.077		-139.1		
32.422		-138.8		196.9		3.68		3.68		0.02		0.01		1.058		-143.4		
32.520		-140.5		193.9		3.68		3.69		0.01		0.02		1.028		-146.9		
32.617		-145.7		192.1		3.69		3.69		0.01		0.01		0.992		-151.2		
32.715		-151.3		188.2		3.68		3.69		0.01		0.01		0.952		-154.3		
32.813		-157.0		185.1		3.69		3.69		0.02		0.01		0.899		-156.4		
32.910		-160.4		183.4		3.68		3.69		0.01		0.01		0.865		-159.9		
33.008		-163.9		179.9		3.68		3.69		0.01		0.02		0.808		-166.0		
33.105		-164.8		175.5		3.68		3.69		0.01		0.01		0.770		-168.1		
33.203		-99.7		48.1		0.04		3.70		3.69		0.03		0.732		-84.9		
33.301		-157.4		163.2		0.02		3.69		3.68		0.02		0.836		-12.1		
33.398		-176.0		157.5		0.02		3.69		3.68		0.02		0.922		-22.1		
33.496		-179.5		149.7		0.02		3.69		3.68		0.02		0.994		-30.8		
33.594		-181.2		146.2		0.02		3.69		3.68		0.02		1.047		-40.3		
33.691		-183.8		142.7		0.02		3.68		3.68		0.02		1.102		-48.1		
33.789		-185.6		134.4		0.02		3.69		3.68		0.02		1.142		-55.9		
33.887		-186.9		134.8		0.02		3.69		3.68		0.02		1.168		-59.8		
33.984		-193.8		132.2		0.02		3.68		3.68		0.01		1.191		-64.1		
34.082		-193.4		127.4		0.02		3.69		3.68		0.02		1.223		-71.9		
34.180		-194.7		125.6		0.02		3.69		3.68		0.02		1.261		-76.3		
34.277		-193.8		117.3		0.02		3.68		3.68		0.01		1.290		-83.2		
34.375		-198.6		116.0		0.02		3.69		3.68		0.01		1.316		-88.0		
34.473		-199.0		109.4		0.02		3.69		3.68		0.02		1.322		-95.3		
34.570		-198.6		108.1		0.02		3.68		3.68		0.02		1.318		-97.1		
34.668		-199.9		105.0		0.02		3.69		3.68		0.02		1.322		-103.1		
34.766		-205.1		101.5		0.02		3.69		3.68		0.02		1.333		-105.3		
34.863		-202.5		96.3		0.02		3.69		3.68		0.02		1.307		-112.2		
34.961		-199.9		95.4		0.02		3.69		3.68		0.02		1.297		-112.2		
35.059		-202.1		88.0		0.02		3.69		3.68		0.01		1.261		-117.4		
35.156		-201.2		83.6		0.02		3.69		3.68		0.01		1.246		-123.5		
35.254		-200.3		81.4		0.02		3.68		3.68		0.02		1.225		-129.1		
35.352		-200.8		75.3		0.02		3.69		3.68		0.02		1.191		-130.4		
35.449		-199.9		72.2		0.02		3.69		3.68		0.02		1.185		-132.2		
35.547		-198.6		70.5		0.02		3.69		3.68		0.02		1.157		-135.2		
35.645		-201.2		63.0		0.02		3.68		3.68		0.01		1.123		-141.3		
35.742		-196.4		60.4		0.02		3.69		3.68		0.01		1.096		-143.0		
35.840		-195.6		53.4		0.02		3.68		3.68		0.02		1.068		-147.8		
35.938		-196.9		44.2		0.02		3.69		3.68		0.01		1.026		-153.0		
36.035		-191.7		38.5		0.02		3.69		3.68		0.02		0.984		-154.7		
36.133		-188.2		32.4		0.02		3.69		3.68		0.02		0.933		-155.6		
36.230		-185.1		25.4		0.02		3.69		3.68		0.02		0.880		-160.8		
36.328		-185.6		16.6		0.02		3.69		3.68		0.01		0.823		-166.0		
36.426		-176.9		12.3		0.02		3.69		3.68		0.02		0.751		-166.8		
36.523		-22.1		-78.3		0.01		0.02		3.68		3.68		0.715		-82.8		
36.621		-172.6		-14.0		0.01		0.02		3.68		3.68		0.840		-15.2		
36.719		-160.0		-18.8		0.01		0.02		3.68		3.68		0.926		-25.6		
36.816		-153.1		-26.7		0.02		0.02		3.68		3.69		1.001		-36.0		
36.914		-148.7		-35.0		0.01		0.02		3.68		3.69		1.066		-43.8		
37.012		-143.5		-42.5		0.01		0.02		3.68		3.69		1.111		-50.3		
37.109		-142.2		-49.5		0.01		0.02		3.68		3.68		1.146		-56.8		
37.207		-136.2		-55.1		0.01		0.02		3.68		3.68		1.178		-60.7		
37.305		-130.1		-57.8		0.01		0.02		3.68		3.68		1.216		-68.0		
37.402		-128.3		-64.8		0.01		0.02		3.68		3.68		1.229		-74.5		
37.500		-124.0		-71.8		0.02		0.02		3.68		3.68		1.248		-77.1		
37.598		-120.1		-77.0		0.01		0.02		3.68		3.68		1.259		-84.1		
37.695		-120.5		-84.0		0.01		0.02		3.68		3.68		1.265		-90.6		
37.793		-112.3		-84.0		0.01		0.02		3.68		3.68		1.282		-93.2		
37.891		-110.6		-91.5		0.01		0.02		3.68		3.69		1.290		-98.8		
37.988		-104.9		-95.0		0.02		0.02		3.68		3.68		1.301		-104.9		
38.086		-104.9		-102.4		0.02		0.02		3.68		3.68		1.290		-108.3		
38.184		-99.3		-105.9		0.01		0.02		3.68		3.68		1.307		-113.1		
38.281		-96.3		-108.1		0.02		0.02		3.68		3.69		1.288		-114.8		
38.379		-91.9		-112.5		0.01		0.02		3.68		3.68		1.252		-118.3		
38.477		-86.7		-115.5		0.01		0.02		3.68		3.68		1.233		-121.8		
38.574		-82.0		-122.1		0.02		0.02		3.68		3.68		1.191		-129.6		
38.672		-78.5		-123.9		0.02		0.02		3.68		3.68		1.187		-129.6		
38.770		-72.0		-127.4		0.01		0.02		3.68		3.69		1.151		-132.6		
38.867		-72.8		-129.5		0.02		0.03		3.68		3.69		1.094		-138.2		
38.965		-68.1		-133.9		0.02		0.02		3.68		3.68		1.068		-140.4		
39.063		-63.7		-136.1		0.01		0.02		3.68		3.68		1.034		-144.7		
39.160		-55.1		-139.6		0.02		0.03		3.68		3.69		1.007		-148.2		
39.258		-50.7		-144.9		0.01		0.02		3.68		3.68		0.988		-151.7		
39.355		-41.6		-152.3		0.01		0.02		3.68		3.69		0.946		-158.6		
39.453		-34.3		-158.0		0.01		0.02		3.68		3.68		0.905		-159.9		
39.551		-26.9		-158.0		0.02		0.02		3.68		3.69		0.871		-162.5		
39.648		-21.7		-161.1		0.01		0.02		3.68		3.68		0.812		-167.3		
39.746		-15.2		-164.6		0.02		0.02		3.68		3.69		0.755		-167.7		
39.844		1.3		-148.8		0.01		0.02		0.02		3.68		0.717		-115.3		
39.941		19.9		-180.3		0.01		0.02		0.02		3.68		0.804		-29.9		
40.039		16.9		-175.5		0.02		0.02		0.02		3.68		0.884		-23.0		
40.137		26.0		-174.6		0.01		0.02		0.02		3.69		0.946		-32.5		
40.234		30.8		-182.1		0.01		0.02		0.02		3.68		1.007		-40.3		
40.332		39.5		-183.4		0.01		0.02		0.02		3.68		1.053		-45.1		
40.430		46.0		-186.4		0.01		0.02		0.02		3.69		1.098		-52.0		
40.527		51.2		-188.2		0.01		0.02		0.02		3.68		1.138		-58.5		
40.625		60.7		-192.1		0.01		0.02		0.02		3.68		1.168		-67.2		
40.723		63.7		-193.0		0.02		0.02		0.02		3.68		1.208		-72.8		
40.820		68.1		-193.0		0.01		0.02		0.02		3.68		1.225		-76.3		
40.918		75.4		-198.7		0.01		0.02		0.01		3.68		1.259		-83.6		
41.016		78.0		-197.4		0.01		0.02		0.02		3.68		1.278		-85.4		
41.113		83.3		-196.9		0.01		0.02		0.02		3.68		1.292		-92.7		
41.211		89.3		-198.2		0.01		0.02		0.02		3.68		1.297		-97.1		
41.309		91.5		-200.4		0.01		0.02		0.02		3.68		1.278		-104.4		
41.406		100.2		-199.6		0.01		0.02		0.01		3.68		1.273		-107.9		
41.504		101.0		-203.5		0.02		0.02		0.02		3.69		1.269		-107.0		
41.602		106.2		-202.2		0.01		0.02		0.02		3.68		1.248		-113.1		
41.699		109.7		-200.0		0.01		0.02		0.02		3.68		1.225		-116.1		
41.797		113.6		-200.4		0.01		0.02		0.02		3.68		1.201		-120.9		
41.895		121.4		-200.0		0.01		0.02		0.02		3.68		1.189		-125.7		
41.992		121.8		-200.9		0.01		0.02		0.02		3.69		1.174		-133.0		
42.090		128.8		-201.3		0.01		0.02		0.02		3.69		1.144		-132.2		
42.188		131.4		-200.0		0.02		0.02		0.02		3.68		1.130		-136.5		
42.285		134.0		-198.2		0.01		0.02		0.02		3.68		1.096		-138.7		
42.383		134.4		-198.2		0.01		0.02		0.02		3.69		1.062		-144.3		
42.480		139.6		-196.5		0.01		0.02		0.02		3.68		1.028		-146.9		
42.578		144.8		-192.1		0.01		0.02		0.02		3.68		0.986		-152.5		
42.676		147.0		-192.1		0.01		0.02		0.02		3.68		0.937		-154.3		
42.773		152.2		-182.9		0.01		0.02		0.02		3.68		0.882		-155.6		
42.871		157.0		-183.4		0.01		0.02		0.02		3.68		0.840		-160.8		
42.969		160.4		-179.9		0.01		0.02		0.02		3.68		0.776		-163.4		
43.066		163.0		-176.4		0.01		0.02		0.02		3.67		0.728		-169.0		
43.164		166.5		-172.4		0.02		0.02		0.02		0.10		0.675		-170.7		
43.262		174.7		-158.9		0.02		0.02		0.02		0.02		0.783		2.2		
43.359		174.3		-159.7		0.02		0.02		0.02		0.02		0.855		-21.7		
43.457		175.2		-156.7		0.02		0.02		0.02		0.02		0.946		-33.8		
43.555		180.8		-148.4		0.02		0.02		0.02		0.02		1.015		-39.9		
43.652		182.5		-143.1		0.02		0.02		0.02		0.02		1.064		-45.5		
43.750		185.6		-138.7		0.02		0.02		0.02		0.02		1.102		-53.7		
43.848		187.8		-137.9		0.02		0.02		0.02		0.02		1.140		-61.5		
43.945		188.2		-132.6		0.02		0.02		0.02		0.02		1.161		-62.8		
44.043		189.1		-130.0		0.02		0.02		0.02		0.02		1.182		-71.5		
44.141		196.9		-122.5		0.02		0.02		0.02		0.02		1.195		-75.0		
44.238		192.1		-120.4		0.02		0.02		0.02		0.02		1.237		-80.6		
44.336		199.0		-119.9		0.02		0.02		0.02		0.02		1.237		-85.8		
44.434		196.0		-113.8		0.02		0.02		0.02		0.02		1.254		-92.3		
44.531		195.1		-108.5		0.02		0.02		0.01		0.02		1.254		-96.6		
44.629		200.8		-101.5		0.02		0.02		0.02		0.02		1.282		-100.1		
44.727		200.3		-101.5		0.02		0.02		0.02		0.02		1.288		-105.3		
44.824		199.9		-97.2		0.02		0.02		0.02		0.02		1.269		-110.9		
44.922		199.5		-95.4		0.02		0.02		0.02		0.02		1.259		-113.5		
45.020		200.8		-89.7		0.02		0.02		0.02		0.02		1.233		-117.9		
45.117		200.3		-84.5		0.02		0.02		0.02		0.02		1.212		-120.0		
45.215		200.8		-85.3		0.02		0.02		0.02		0.02		1.182		-126.1		
45.313		198.6		-79.6		0.02		0.02		0.02		0.02		1.166		-127.4		
45.410		202.1		-72.6		0.02		0.02		0.02		0.02		1.125		-136.1		
45.508		197.7		-67.4		0.02		0.02		0.02		0.02		1.085		-133.9		
45.605		200.3		-66.5		0.02		0.02		0.02		0.02		1.070		-140.4		
45.703		198.2		-60.0		0.02		0.02		0.02		0.02		1.026		-140.8		
45.801		197.7		-53.8		0.02		0.02		0.02		0.02		1.011		-148.6		
45.898		194.7		-49.0		0.02		0.02		0.02		0.02		0.975		-153.0		
45.996		193.8		-42.0		0.02		0.02		0.02		0.02		0.952		-154.7		
46.094		189.1		-35.0		0.02		0.02		0.02		0.02		0.899		-157.7		
46.191		184.3		-28.9		0.02		0.02		0.02		0.02		0.859		-162.9		
46.289		183.8		-18.4		0.02		0.03		0.02		0.02		0.808		-164.2		
46.387		177.8		-13.6		0.02		0.02		0.02		0.02		0.745		-167.3		
46.484		173.0		-6.1		0.02		0.02		0.02		0.02		0.690		-168.1		
46.582		45.5		56.5		3.70		0.04		0.03		0.03		0.656		-84.9		
46.680		152.6		13.1		3.68		0.02		0.01		0.02		0.755		-21.2		
46.777		152.2		22.3		3.68		0.03		0.02		0.02		0.838		-30.3		
46.875		150.9		31.9		3.68		0.02		0.02		0.02		0.895		-36.4		
46.973		146.1		38.5		3.68		0.02		0.02		0.02		0.962		-42.9		
47.070		141.4		46.8		3.69		0.02		0.02		0.02		1.001		-51.1		
47.168		139.2		49.5		3.69		0.02		0.02		0.02		1.047		-58.1		
47.266		134.4		57.8		3.69		0.02		0.02		0.02		1.087		-64.6		
47.363		127.5		61.7		3.69		0.02		0.02		0.02		1.119		-69.3		
47.461		126.2		69.1		3.69		0.02		0.01		0.02		1.142		-76.3		
47.559		121.8		75.7		3.69		0.02		0.02		0.02		1.166		-78.9		
47.656		116.6		77.5		3.69		0.02		0.01		0.02		1.204		-84.5		
47.754		115.8		85.8		3.69		0.02		0.02		0.02		1.214		-88.4		
47.852		110.1		88.0		3.68		0.02		0.01		0.02		1.225		-94.0		
47.949		106.2		95.8		3.69		0.03		0.02		0.02		1.221		-97.1		
48.047		105.4		98.5		3.68		0.02		0.01		0.02		1.229		-102.3		
48.145		101.9		103.7		3.68		0.02		0.01		0.02		1.208		-108.8		
48.242		96.3		104.6		3.69		0.02		0.01		0.02		1.201		-112.7		
48.340		93.2		109.8		3.68		0.02		0.01		0.02		1.193		-115.3		
48.438		88.0		113.8		3.68		0.02		0.01		0.02		1.185		-120.0		
48.535		82.8		118.6		3.69		0.02		0.01		0.02		1.155		-123.1		
48.633		81.5		121.7		3.68		0.02		0.01		0.02		1.127		-128.7		
48.730		80.2		127.4		3.68		0.02		0.01		0.02		1.104		-130.0		
48.828		73.3		126.5		3.68		0.02		0.01		0.02		1.091		-135.2		
48.926		69.8		132.6		3.68		0.02		0.01		0.02		1.056		-139.1		
49.023		63.7		133.9		3.68		0.02		0.01		0.02		1.028		-140.4		
49.121		58.1		139.6		3.68		0.02		0.01		0.02		0.992		-143.9		
49.219		50.7		143.1		3.68		0.02		0.01		0.02		0.971		-147.8		
49.316		44.2		144.9		3.68		0.02		0.01		0.02		0.901		-153.0		
49.414		35.1		152.7		3.68		0.02		0.01		0.02		0.882		-156.9		
49.512		31.2		156.7		3.68		0.02		0.01		0.02		0.808		-159.9		
49.609		22.5		162.4		3.68		0.02		0.01		0.02		0.787		-165.5		
49.707		15.6		164.1		3.68		0.02		0.01		0.02		0.715		-163.8		
49.805		6.9		163.7		3.68		0.02		0.01		0.02		0.668		-168.6		
49.902		-82.0		98.5		3.68		3.69		0.01		0.02		0.639		-88.4		
