Oscilloscope Trace Export		
Festo Didactic LVDAC-EMS 3.19		
		
		
		Ch1		Ch2		Ch3		Ch4		Ch5		Ch6		Ch7		Ch8		
Time 		E1		E2		AI5		AI1		AI6		AI2		I3		E3		
(ms)		(V)		(V)		(V)		(V)		(V)		(V)		(A)		(V)		
0.000		4.8		-169.4		0.02		0.02		3.68		3.68		-0.004		-149.1		
0.098		13.4		-170.7		0.01		0.03		3.68		3.69		-0.004		-148.2		
0.195		19.9		-176.4		0.02		0.03		3.68		3.68		-0.004		-148.6		
0.293		26.4		-175.5		0.01		0.02		3.68		3.68		0.000		-147.3		
0.391		36.9		-177.7		0.01		0.02		3.68		3.69		0.004		-149.5		
0.488		37.7		-180.3		0.02		0.03		3.68		3.68		0.000		-149.5		
0.586		46.0		-183.4		0.01		0.02		3.68		3.68		-0.002		-147.3		
0.684		52.0		-186.9		0.01		0.02		3.68		3.68		-0.002		-146.9		
0.781		57.2		-187.7		0.02		0.02		3.68		3.68		0.002		-147.3		
0.879		63.7		-189.5		0.01		0.02		3.68		3.68		-0.008		-149.9		
0.977		69.4		-190.8		0.01		0.02		3.68		3.68		0.006		-148.2		
1.074		69.8		-194.3		0.01		0.01		3.68		3.68		-0.013		-149.5		
1.172		79.3		-192.6		0.02		0.02		3.68		3.69		-0.004		-150.4		
1.270		80.7		-194.7		0.01		0.03		3.68		3.68		0.002		-148.6		
1.367		86.7		-196.1		0.01		0.03		3.68		3.69		-0.002		-148.6		
1.465		87.2		-194.7		0.01		0.02		3.68		3.68		0.008		-149.1		
1.563		95.4		-194.7		0.01		0.02		3.68		3.68		0.002		-147.3		
1.660		98.9		-195.2		0.02		0.02		3.68		3.68		0.000		-149.1		
1.758		104.1		-196.5		0.02		0.02		3.68		3.68		0.006		-150.4		
1.855		106.7		-196.9		0.01		0.02		3.68		3.68		0.006		-151.2		
1.953		111.0		-197.8		0.02		0.01		3.68		3.68		-0.013		-149.5		
2.051		114.9		-196.5		0.01		0.02		3.68		3.68		0.000		-148.6		
2.148		121.0		-199.1		0.02		0.03		3.68		3.69		0.000		-147.8		
2.246		124.0		-199.1		0.02		0.02		3.68		3.68		0.008		-149.1		
2.344		126.2		-196.1		0.01		0.03		3.68		3.68		0.002		-151.2		
2.441		132.7		-190.8		0.01		0.02		0.49		3.68		0.000		-148.6		
2.539		137.9		-190.8		0.01		0.02		0.02		3.68		0.008		-139.1		
2.637		141.8		-187.7		0.02		0.02		0.01		3.68		0.021		-140.4		
2.734		145.7		-184.7		0.01		0.02		0.02		3.68		0.025		-146.5		
2.832		152.2		-183.4		0.01		0.02		0.02		3.68		0.021		-150.4		
2.930		157.0		-178.6		0.02		0.02		0.02		3.68		0.013		-156.9		
3.027		157.8		-175.9		0.01		0.02		0.02		3.68		0.000		-158.2		
3.125		163.0		-172.0		0.01		0.02		0.01		3.68		-0.008		-148.6		
3.223		164.3		-168.5		0.01		0.02		0.02		3.68		-0.002		-148.6		
3.320		166.1		-162.4		0.01		0.02		0.02		3.68		-0.006		-152.1		
3.418		173.0		-160.2		0.01		0.02		0.02		3.68		-0.002		-148.6		
3.516		174.3		-154.0		0.01		0.02		0.02		3.68		0.004		-149.5		
3.613		180.4		-148.4		0.01		0.02		0.02		3.68		0.006		-149.9		
3.711		179.9		-147.5		0.01		0.01		0.02		3.68		-0.015		-149.1		
3.809		184.7		-140.9		0.01		0.02		0.02		3.68		0.008		-150.4		
3.906		184.3		-137.4		0.01		0.02		0.01		3.68		-0.004		-148.6		
4.004		187.3		-135.7		0.02		0.03		0.02		3.68		0.000		-148.6		
4.102		189.5		-130.4		0.01		0.03		0.02		3.68		-0.006		-148.6		
4.199		188.6		-125.6		0.01		0.01		0.02		3.68		-0.017		-149.5		
4.297		191.7		-123.4		0.02		0.01		0.02		3.68		-0.013		-146.9		
4.395		194.3		-121.7		0.01		0.01		0.02		3.68		-0.011		-150.4		
4.492		193.0		-114.2		0.01		0.02		0.02		3.68		0.002		-149.5		
4.590		195.6		-112.9		0.01		0.03		0.02		3.68		-0.004		-147.8		
4.688		195.6		-106.8		0.01		0.03		0.02		3.68		0.004		-147.8		
4.785		194.7		-105.9		0.02		0.02		0.02		3.68		0.011		-149.1		
4.883		196.9		-99.8		0.01		0.03		0.02		3.68		-0.006		-148.6		
4.980		196.4		-97.2		0.02		0.02		0.02		3.68		-0.004		-149.5		
5.078		196.4		-93.7		0.01		0.03		0.01		3.69		0.002		-147.3		
5.176		197.7		-86.7		0.02		0.03		0.02		3.68		0.004		-150.4		
5.273		199.0		-84.5		0.02		0.01		0.02		3.68		-0.011		-153.0		
5.371		196.0		-78.8		0.01		0.03		0.02		3.68		0.004		-149.1		
5.469		197.3		-76.1		0.02		0.01		0.02		3.68		-0.011		-149.9		
5.566		195.1		-73.1		0.02		0.03		0.02		3.68		0.006		-151.7		
5.664		193.4		-69.1		0.01		0.03		0.02		3.68		-0.008		-150.4		
5.762		193.0		-59.5		0.02		0.03		0.02		3.69		0.002		-147.3		
5.859		190.8		-53.8		0.02		0.02		0.02		0.02		0.011		-137.8		
5.957		189.1		-45.1		0.02		0.03		0.02		0.02		0.023		-144.3		
6.055		186.0		-38.1		0.02		0.03		0.02		0.02		0.019		-149.5		
6.152		182.1		-30.6		0.02		0.03		0.02		0.02		0.027		-151.7		
6.250		180.8		-25.4		0.02		0.03		0.02		0.02		0.008		-153.8		
6.348		176.9		-16.6		0.02		0.02		0.02		0.02		0.006		-160.8		
6.445		174.7		-9.6		0.02		0.03		0.02		0.02		-0.002		-148.2		
6.543		171.3		-3.5		0.02		0.02		0.02		0.02		0.011		-149.1		
6.641		165.2		4.8		0.02		0.01		0.02		0.02		-0.013		-149.5		
6.738		161.7		11.4		0.02		0.01		0.02		0.02		-0.015		-147.3		
6.836		155.7		17.9		0.02		0.03		0.02		0.02		-0.002		-147.8		
6.934		154.4		26.3		0.02		0.03		0.02		0.02		-0.004		-150.4		
7.031		146.1		32.4		0.02		0.01		0.02		0.02		-0.013		-151.2		
7.129		144.8		38.5		0.02		0.03		0.02		0.02		0.006		-148.6		
7.227		140.1		46.4		0.02		0.03		0.02		0.02		0.002		-151.2		
7.324		136.6		48.6		0.02		0.03		0.02		0.02		0.000		-149.1		
7.422		134.9		56.0		0.02		0.03		0.02		0.02		-0.002		-149.1		
7.520		130.5		62.1		0.02		0.03		0.02		0.02		-0.002		-148.6		
7.617		126.2		66.1		0.02		0.03		0.02		0.02		-0.006		-149.5		
7.715		121.4		73.1		0.02		0.03		0.02		0.02		-0.004		-153.0		
7.813		117.5		77.0		0.02		0.03		0.02		0.02		-0.002		-148.6		
7.910		112.7		83.6		0.02		0.03		0.02		0.02		-0.002		-149.9		
8.008		108.0		86.7		0.02		0.03		0.02		0.02		-0.004		-149.9		
8.105		108.0		92.3		0.02		0.03		0.02		0.02		-0.002		-153.0		
8.203		103.2		95.8		0.02		0.01		0.02		0.02		-0.013		-148.6		
8.301		97.1		98.5		0.02		0.03		0.02		0.02		0.004		-150.8		
8.398		93.7		102.8		0.02		0.03		0.02		0.02		-0.008		-149.5		
8.496		90.2		108.1		0.02		0.03		0.02		0.02		-0.004		-148.6		
8.594		90.2		113.3		0.02		0.03		0.02		0.02		-0.006		-150.8		
8.691		80.2		116.8		0.02		0.01		0.02		0.02		-0.015		-147.8		
8.789		78.5		119.0		0.02		0.03		0.02		0.02		0.002		-150.4		
8.887		77.2		122.1		0.02		0.03		0.02		0.02		-0.002		-152.1		
8.984		70.2		127.4		0.02		0.02		0.02		0.02		0.002		-149.1		
9.082		67.2		127.8		0.02		0.02		0.02		0.02		0.008		-150.4		
9.180		61.6		133.5		3.68		0.02		0.01		0.02		0.015		-135.2		
9.277		50.3		139.2		3.68		0.02		0.01		0.02		0.032		-140.0		
9.375		39.9		144.0		3.68		0.03		0.01		0.02		0.027		-146.0		
9.473		35.1		148.4		3.68		0.02		0.01		0.02		0.023		-150.4		
9.570		27.3		153.6		3.68		0.03		0.01		0.02		0.017		-155.1		
9.668		20.4		158.4		3.68		0.03		0.01		0.02		0.004		-156.9		
9.766		13.9		162.8		3.68		0.03		0.01		0.02		0.004		-159.9		
9.863		5.6		165.0		3.68		0.03		0.01		0.02		-0.008		-149.9		
9.961		-4.8		166.3		3.68		0.03		0.01		0.02		-0.004		-149.1		
10.059		-11.7		172.4		3.68		0.01		0.01		0.02		-0.011		-148.6		
10.156		-19.9		177.7		3.69		0.03		0.01		0.02		-0.002		-153.4		
10.254		-23.0		176.8		3.69		0.01		0.01		0.02		-0.011		-151.2		
10.352		-30.4		177.7		3.68		0.03		0.01		0.02		-0.004		-150.4		
10.449		-36.4		182.1		3.68		0.03		0.01		0.02		-0.004		-147.3		
10.547		-44.2		182.1		3.68		0.03		0.01		0.02		0.000		-147.3		
10.645		-51.6		188.2		3.68		0.01		0.01		0.02		-0.019		-150.4		
10.742		-55.1		185.6		3.68		0.03		0.01		0.02		-0.006		-150.4		
10.840		-61.1		186.0		3.68		0.03		0.01		0.02		-0.008		-149.1		
10.938		-65.5		189.9		3.68		0.02		0.01		0.02		0.008		-150.8		
11.035		-69.4		191.7		3.69		0.03		0.02		0.02		-0.006		-149.9		
11.133		-75.4		191.7		3.68		0.03		0.01		0.02		-0.004		-146.9		
11.230		-80.7		193.4		3.68		0.03		0.01		0.02		0.000		-149.5		
11.328		-82.8		196.9		3.68		0.03		0.01		0.02		-0.002		-148.6		
11.426		-88.0		193.4		3.68		0.01		0.01		0.02		-0.011		-148.2		
11.523		-93.2		195.2		3.68		0.03		0.02		0.02		-0.006		-148.2		
11.621		-95.8		194.7		3.68		0.01		0.01		0.02		-0.013		-148.6		
11.719		-99.7		196.1		3.68		0.03		0.01		0.02		-0.006		-148.2		
11.816		-105.8		198.7		3.68		0.03		0.02		0.02		-0.006		-146.5		
11.914		-112.7		198.2		3.68		0.03		0.02		0.02		-0.004		-149.5		
12.012		-113.2		195.6		3.68		0.02		0.01		0.02		-0.002		-150.8		
12.109		-121.0		196.9		3.68		0.02		0.01		0.02		0.006		-149.9		
12.207		-123.6		196.1		3.68		0.03		0.01		0.02		-0.004		-149.1		
12.305		-124.4		195.2		3.68		0.03		0.01		0.02		0.006		-151.2		
12.402		-126.2		194.3		3.68		0.02		0.01		0.02		-0.004		-149.1		
12.500		-137.5		195.2		3.68		3.69		0.01		0.02		0.004		-136.9		
12.598		-137.5		188.6		3.69		3.69		0.02		0.02		0.023		-140.8		
12.695		-145.7		181.6		3.68		3.69		0.02		0.02		0.023		-144.3		
12.793		-149.6		182.9		3.68		3.69		0.01		0.01		0.032		-148.6		
12.891		-153.5		178.6		3.68		3.69		0.01		0.02		0.019		-153.4		
12.988		-157.0		177.7		3.68		3.69		0.02		0.02		0.008		-158.2		
13.086		-160.9		176.8		3.69		3.69		0.01		0.02		0.000		-160.3		
13.184		-159.6		170.7		3.68		3.67		0.01		0.01		-0.015		-149.5		
13.281		-166.1		165.9		3.68		3.69		0.02		0.02		-0.004		-150.4		
13.379		-168.7		160.6		3.68		3.69		0.01		0.02		-0.008		-149.5		
13.477		-173.4		156.7		3.69		3.69		0.02		0.01		0.000		-149.1		
13.574		-178.2		150.1		3.68		3.69		0.01		0.02		-0.006		-150.4		
13.672		-180.8		146.2		3.69		3.69		0.02		0.02		-0.002		-149.5		
13.770		-180.8		142.2		3.68		3.69		0.01		0.01		-0.002		-147.8		
13.867		-179.9		140.9		3.68		3.69		0.01		0.01		-0.006		-151.2		
13.965		-185.6		135.2		3.69		3.69		0.01		0.01		0.004		-146.9		
14.063		-186.9		133.5		3.69		3.69		0.01		0.02		-0.002		-149.1		
14.160		-187.8		127.4		3.68		3.69		0.01		0.02		-0.002		-147.8		
14.258		-191.2		123.9		3.68		3.68		0.02		0.02		-0.015		-150.4		
14.355		-186.0		119.9		3.68		3.69		0.01		0.02		-0.008		-149.1		
14.453		-192.5		116.4		3.69		3.69		0.02		0.01		-0.008		-148.6		
14.551		-192.1		112.9		3.69		3.69		0.02		0.02		0.000		-150.4		
14.648		-196.4		107.7		3.69		3.68		0.02		0.02		-0.011		-148.2		
14.746		-196.0		106.3		3.69		3.68		0.02		0.02		-0.015		-147.8		
14.844		-196.4		105.5		3.69		3.69		0.01		0.02		0.004		-148.6		
14.941		-198.2		97.6		3.68		3.68		0.02		0.02		-0.013		-147.3		
15.039		-196.9		93.7		3.68		3.69		0.02		0.01		0.013		-148.2		
15.137		-197.7		89.7		3.69		3.69		0.01		0.02		0.002		-149.5		
15.234		-196.4		85.3		3.68		3.68		0.01		0.02		-0.011		-149.1		
15.332		-196.4		83.6		3.68		3.69		0.01		0.02		0.006		-149.5		
15.430		-198.2		77.5		3.68		3.69		0.02		0.02		-0.004		-149.5		
15.527		-196.0		76.1		3.69		3.69		0.02		0.02		-0.004		-148.6		
15.625		-192.1		70.5		3.68		3.69		0.02		0.02		-0.004		-148.2		
15.723		-194.3		64.8		3.69		3.69		0.02		0.02		-0.006		-149.9		
15.820		-191.7		56.9		0.02		3.69		3.68		0.01		0.004		-135.6		
15.918		-190.8		50.8		0.02		3.69		3.68		0.01		0.027		-138.7		
16.016		-188.2		42.9		0.02		3.69		3.68		0.02		0.021		-145.6		
16.113		-185.6		36.3		0.02		3.69		3.68		0.02		0.019		-150.8		
16.211		-183.4		27.1		0.02		3.69		3.68		0.02		0.006		-155.1		
16.309		-179.5		23.2		0.02		3.69		3.68		0.02		0.013		-156.9		
16.406		-176.0		14.9		0.02		3.69		3.68		0.02		-0.002		-159.9		
16.504		-175.2		4.8		0.02		3.69		3.68		0.01		0.004		-150.4		
16.602		-166.9		-0.9		0.02		3.69		3.68		0.01		0.008		-150.4		
16.699		-163.9		-9.2		0.02		3.67		3.68		0.01		-0.017		-149.5		
16.797		-159.6		-17.1		0.02		3.67		3.68		0.01		-0.011		-149.1		
16.895		-154.4		-24.5		0.02		3.69		3.68		0.01		-0.006		-151.2		
16.992		-150.0		-29.3		0.02		3.69		3.68		0.01		0.004		-150.4		
17.090		-145.7		-35.4		0.02		3.69		3.68		0.01		-0.002		-149.5		
17.188		-144.4		-44.2		0.02		3.69		3.68		0.01		-0.006		-146.5		
17.285		-135.3		-46.8		0.02		3.68		3.68		0.01		-0.008		-146.0		
17.383		-134.4		-54.3		0.02		3.69		3.68		0.01		0.006		-145.6		
17.480		-133.1		-58.2		0.02		3.67		3.68		0.01		-0.011		-148.2		
17.578		-126.2		-63.9		0.02		3.67		3.68		0.01		-0.011		-150.4		
17.676		-123.1		-70.5		0.02		3.69		3.68		0.01		-0.002		-145.6		
17.773		-121.4		-73.5		0.02		3.69		3.68		0.01		0.002		-148.2		
17.871		-117.9		-78.3		0.02		3.69		3.68		0.01		0.004		-149.5		
17.969		-109.3		-84.9		0.02		3.67		3.68		0.01		-0.011		-145.6		
18.066		-107.1		-93.2		0.02		3.69		3.68		0.02		0.006		-147.8		
18.164		-103.2		-95.0		0.02		3.68		3.68		0.02		-0.019		-149.1		
18.262		-99.7		-99.3		0.02		3.69		3.68		0.01		0.004		-149.5		
18.359		-96.3		-103.7		0.02		3.68		3.68		0.02		-0.013		-149.1		
18.457		-93.7		-109.0		0.02		3.69		3.68		0.01		-0.004		-148.6		
18.555		-86.7		-111.2		0.02		3.69		3.68		0.01		0.002		-148.6		
18.652		-84.1		-116.0		0.02		3.69		3.68		0.02		0.004		-150.4		
18.750		-80.2		-117.3		0.02		3.69		3.68		0.02		-0.004		-149.9		
18.848		-76.3		-118.6		0.02		3.69		3.68		0.01		0.004		-147.3		
18.945		-73.7		-123.0		0.02		3.69		3.68		0.02		0.000		-149.1		
19.043		-69.8		-130.0		0.02		3.67		3.68		0.01		-0.013		-151.2		
19.141		-68.5		-129.1		0.01		0.03		3.68		3.68		-0.004		-130.0		
19.238		-52.9		-135.7		0.02		0.03		3.68		3.69		0.025		-138.7		
19.336		-45.5		-143.1		0.02		0.03		3.68		3.68		0.025		-143.9		
19.434		-36.4		-148.8		0.01		0.02		3.68		3.68		0.013		-149.5		
19.531		-29.5		-153.6		0.02		0.03		3.68		3.68		0.032		-153.4		
19.629		-23.4		-153.6		0.01		0.03		3.68		3.69		0.002		-156.9		
19.727		-16.5		-162.4		0.01		0.03		3.68		3.69		-0.004		-157.3		
19.824		-8.2		-164.6		0.02		0.01		3.68		3.69		-0.013		-149.9		
19.922		-0.4		-169.4		0.02		0.02		3.68		3.68		0.000		-149.9		
20.020		8.7		-169.4		0.01		0.02		3.68		3.68		-0.008		-148.6		
20.117		12.6		-171.1		0.02		0.03		3.68		3.69		0.004		-147.3		
20.215		19.9		-172.9		0.01		0.02		3.68		3.68		-0.008		-149.1		
20.313		26.9		-178.1		0.01		0.02		3.68		3.68		0.002		-149.1		
20.410		33.8		-182.1		0.01		0.02		3.68		3.68		0.004		-149.5		
20.508		39.5		-182.5		0.02		0.03		3.68		3.68		-0.002		-147.8		
20.605		43.8		-182.1		0.01		0.02		3.68		3.68		0.011		-148.6		
20.703		50.7		-185.1		0.01		0.03		3.68		3.68		0.000		-150.8		
20.801		54.6		-184.7		0.01		0.01		3.68		3.68		-0.011		-149.5		
20.898		61.1		-187.3		0.02		0.03		3.68		3.69		-0.004		-149.1		
20.996		70.2		-191.2		0.01		0.02		3.68		3.68		0.000		-148.6		
21.094		73.3		-189.5		0.02		0.02		3.68		3.68		-0.002		-147.3		
21.191		78.0		-193.9		0.01		0.02		3.68		3.68		-0.004		-149.1		
21.289		82.4		-194.7		0.01		0.03		3.68		3.68		-0.006		-149.5		
21.387		86.3		-196.5		0.01		0.02		3.68		3.68		0.000		-147.8		
21.484		90.6		-196.1		0.01		0.03		3.68		3.68		-0.006		-148.6		
21.582		95.4		-198.2		0.01		0.03		3.68		3.68		-0.006		-148.2		
21.680		100.2		-197.4		0.01		0.02		3.68		3.68		0.000		-149.9		
21.777		104.9		-195.2		0.01		0.01		3.68		3.68		-0.019		-148.2		
21.875		107.1		-197.4		0.02		0.01		3.68		3.68		-0.015		-146.9		
21.973		113.6		-196.5		0.02		0.03		3.68		3.68		-0.006		-149.5		
22.070		118.4		-196.5		0.02		0.03		3.68		3.68		-0.006		-147.8		
22.168		118.8		-194.3		0.01		0.02		3.68		3.68		-0.004		-146.9		
22.266		121.8		-194.7		0.02		0.03		3.68		3.68		0.004		-147.8		
22.363		127.0		-195.6		0.02		0.02		3.68		3.68		0.004		-150.4		
22.461		139.6		-187.7		0.01		0.03		0.02		3.68		0.011		-136.9		
22.559		136.6		-190.4		0.01		0.02		0.02		3.68		0.015		-138.7		
22.656		141.4		-187.3		0.01		0.03		0.02		3.68		0.025		-144.7		
22.754		147.0		-186.0		0.01		0.02		0.02		3.68		0.021		-148.2		
22.852		151.8		-182.5		0.01		0.02		0.02		3.68		0.015		-154.7		
22.949		158.3		-178.1		0.01		0.02		0.02		3.68		0.013		-156.9		
23.047		157.0		-173.7		0.01		0.02		0.02		3.68		0.004		-156.9		
23.145		161.3		-172.4		0.02		0.02		0.02		3.68		-0.006		-149.5		
23.242		165.2		-165.9		0.01		0.02		0.02		3.68		-0.008		-150.4		
23.340		170.0		-161.1		0.01		0.03		0.02		3.68		-0.002		-146.9		
23.438		173.9		-156.7		0.01		0.02		0.02		3.68		0.004		-150.8		
23.535		173.0		-152.7		0.01		0.03		0.02		3.68		-0.002		-149.1		
23.633		176.9		-153.6		0.01		0.03		0.02		3.68		0.000		-149.1		
23.730		181.2		-143.1		0.01		0.03		0.02		3.68		-0.004		-147.8		
23.828		184.7		-141.4		0.01		0.02		0.02		3.68		0.011		-150.8		
23.926		184.7		-138.7		0.01		0.02		0.02		3.68		0.013		-147.8		
24.023		186.0		-133.9		0.01		0.02		0.02		3.68		0.011		-149.9		
24.121		186.4		-127.4		0.01		0.01		0.02		3.68		-0.011		-146.9		
24.219		189.9		-123.9		0.02		0.02		0.02		3.68		0.004		-148.6		
24.316		193.0		-121.2		0.01		0.03		0.02		3.68		-0.004		-147.8		
24.414		193.8		-117.7		0.01		0.02		0.02		3.68		-0.004		-148.6		
24.512		193.4		-112.9		0.02		0.03		0.02		3.68		0.000		-149.1		
24.609		194.3		-110.7		0.02		0.02		0.02		3.67		0.004		-149.9		
24.707		196.9		-108.5		0.01		0.02		0.02		3.68		0.006		-148.2		
24.805		196.0		-108.1		0.02		0.01		0.02		3.68		-0.011		-147.8		
24.902		199.0		-101.5		0.02		0.01		0.02		3.68		-0.011		-150.4		
25.000		196.9		-95.8		0.01		0.03		0.02		3.69		0.004		-147.8		
25.098		196.9		-91.5		0.01		0.01		0.02		3.68		-0.011		-145.6		
25.195		193.8		-87.5		0.01		0.02		0.02		3.68		0.002		-149.1		
25.293		197.3		-84.5		0.01		0.03		0.02		3.68		-0.004		-148.2		
25.391		195.6		-77.9		0.02		0.03		0.02		3.68		-0.004		-146.5		
25.488		196.0		-76.1		0.01		0.03		0.02		3.68		0.000		-146.9		
25.586		193.4		-74.0		0.01		0.01		0.02		3.68		-0.013		-149.5		
25.684		193.0		2.6		0.02		0.03		0.02		3.68		-0.006		-149.1		
25.781		193.0		-60.0		0.02		0.02		0.02		3.68		-0.006		-148.6		
25.879		189.5		-55.1		0.02		0.03		0.02		0.02		0.008		-139.1		
25.977		188.6		-42.9		0.02		0.03		0.02		0.02		0.019		-143.9		
26.074		185.1		-36.8		0.02		0.02		0.02		0.02		0.032		-149.9		
26.172		185.1		-33.3		0.02		0.03		0.02		0.02		0.013		-154.7		
26.270		180.4		-25.4		0.02		0.03		0.02		0.02		-0.004		-157.3		
26.367		179.1		-16.2		0.02		0.03		0.02		0.02		-0.006		-159.5		
26.465		171.3		-12.3		0.02		0.03		0.02		0.02		0.006		-151.2		
26.563		168.2		-0.4		0.02		0.01		0.02		0.02		-0.015		-148.2		
26.660		162.2		3.5		0.02		0.01		0.02		0.02		-0.011		-151.2		
26.758		161.3		11.8		0.02		0.03		0.02		0.02		-0.002		-149.5		
26.855		158.3		22.3		0.02		0.01		0.02		0.02		-0.011		-149.5		
26.953		148.3		29.3		0.02		0.01		0.02		0.02		-0.017		-150.8		
27.051		149.6		36.3		0.02		0.03		0.02		0.02		-0.002		-149.9		
27.148		143.1		39.8		0.02		0.03		0.02		0.02		0.002		-152.5		
27.246		139.2		45.1		0.02		0.03		0.02		0.02		0.000		-151.2		
27.344		135.3		53.4		0.02		0.03		0.02		0.02		0.000		-149.9		
27.441		130.9		58.2		0.03		0.03		0.02		0.02		-0.006		-147.8		
27.539		125.7		64.3		0.02		0.02		0.02		0.02		0.004		-149.9		
27.637		122.7		65.2		0.02		0.03		0.02		0.02		-0.004		-149.1		
27.734		117.9		72.2		0.02		0.03		0.02		0.02		-0.004		-151.2		
27.832		117.9		76.1		0.02		0.03		0.02		0.02		0.000		-150.8		
27.930		114.9		82.7		0.02		0.03		0.02		0.02		0.002		-147.3		
28.027		108.4		87.5		0.02		0.03		0.02		0.02		-0.006		-148.2		
28.125		107.5		92.3		0.02		0.03		0.02		0.02		-0.008		-149.9		
28.223		100.6		94.1		0.02		0.03		0.02		0.02		0.000		-146.9		
28.320		98.4		102.0		0.02		0.03		0.02		0.02		-0.006		-146.0		
28.418		95.8		105.5		0.02		0.01		0.02		0.02		-0.013		-150.4		
28.516		89.3		112.0		0.02		0.02		0.02		0.02		-0.006		-149.9		
28.613		85.0		115.5		0.02		0.03		0.02		0.02		-0.006		-150.4		
28.711		78.5		117.7		0.02		0.01		0.02		0.02		-0.013		-150.4		
28.809		75.9		118.2		0.02		0.02		0.02		0.02		0.002		-149.1		
28.906		73.3		124.3		0.02		0.03		0.02		0.02		0.000		-147.8		
29.004		72.4		125.6		0.02		0.01		0.02		0.02		-0.013		-149.1		
29.102		65.0		128.2		0.02		0.03		0.02		0.02		0.000		-148.2		
29.199		55.9		134.8		3.68		0.03		0.01		0.02		0.002		-138.2		
29.297		49.0		140.9		3.68		0.03		0.01		0.02		0.015		-141.3		
29.395		42.9		146.2		3.68		0.02		0.01		0.02		0.021		-146.0		
29.492		35.1		148.4		3.69		0.03		0.01		0.02		0.017		-152.5		
29.590		26.0		154.0		3.68		0.02		0.01		0.02		0.015		-153.4		
29.688		21.2		159.7		3.68		0.03		0.01		0.02		0.004		-158.6		
29.785		12.6		163.7		3.68		0.03		0.01		0.02		-0.006		-160.8		
29.883		6.5		167.6		3.68		0.03		0.01		0.02		-0.002		-149.5		
29.980		-1.7		166.7		3.68		0.03		0.02		0.02		0.004		-148.6		
30.078		-10.4		170.2		3.68		0.02		0.01		0.02		-0.004		-150.4		
30.176		-16.5		175.5		3.68		0.02		0.02		0.02		0.000		-146.5		
30.273		-26.4		178.1		3.68		0.03		0.01		0.02		0.002		-148.6		
30.371		-33.0		180.7		3.69		0.03		0.02		0.02		-0.002		-149.9		
30.469		-38.6		180.7		3.68		0.01		0.02		0.02		-0.019		-147.3		
30.566		-42.5		184.7		3.68		0.02		0.02		0.02		-0.006		-150.8		
30.664		-51.6		182.9		3.68		0.03		0.01		0.02		-0.006		-146.9		
30.762		-54.6		185.6		3.69		0.03		0.02		0.02		-0.002		-149.9		
30.859		-60.7		189.5		3.68		0.01		0.01		0.02		-0.015		-149.5		
30.957		-65.5		189.1		3.68		0.01		0.02		0.02		-0.021		-147.8		
31.055		-71.1		191.2		3.68		0.03		0.02		0.02		0.000		-148.2		
31.152		-75.4		191.2		3.68		0.02		0.01		0.02		-0.006		-149.1		
31.250		-81.5		192.1		3.68		0.01		0.01		0.02		-0.013		-150.8		
31.348		-84.6		195.2		3.68		0.03		0.01		0.02		-0.002		-149.9		
31.445		-87.6		194.7		3.68		0.03		0.01		0.02		0.002		-147.3		
31.543		-92.4		195.6		3.69		0.02		0.02		0.02		-0.006		-148.6		
31.641		-98.9		194.7		3.68		0.03		0.01		0.02		-0.006		-147.3		
31.738		-103.2		193.9		3.68		0.03		0.01		0.02		0.008		-151.2		
31.836		-107.1		198.2		3.68		0.03		0.02		0.02		0.000		-150.4		
31.934		-111.4		194.7		3.68		0.03		0.01		0.02		-0.004		-149.5		
32.031		-113.2		193.4		3.68		0.03		0.01		0.02		0.008		-149.5		
32.129		-118.4		194.3		3.68		0.03		0.01		0.02		-0.006		-147.8		
32.227		-120.5		194.7		3.68		0.03		0.01		0.02		-0.002		-149.1		
32.324		-122.7		194.7		3.68		0.03		0.02		0.02		-0.006		-149.1		
32.422		-130.1		191.2		3.68		0.01		0.02		0.02		-0.011		-149.9		
32.520		-134.0		192.1		3.68		3.69		0.02		0.01		0.008		-136.9		
32.617		-138.3		188.6		3.68		3.69		0.01		0.01		0.017		-140.8		
32.715		-143.5		183.4		3.69		3.69		0.02		0.01		0.025		-147.8		
32.813		-148.7		182.9		3.68		3.69		0.01		0.02		0.027		-151.7		
32.910		-152.6		178.6		3.68		3.69		0.01		0.02		0.017		-153.8		
33.008		-157.0		175.5		3.68		3.69		0.02		0.01		0.002		-157.3		
33.105		-156.1		170.7		3.68		3.67		0.01		0.01		-0.013		-157.3		
33.203		-161.3		167.6		3.68		3.69		0.01		0.02		-0.006		-148.6		
33.301		-168.7		164.6		3.68		3.68		0.01		0.02		-0.015		-148.2		
33.398		-169.5		158.4		3.68		3.69		0.02		0.01		-0.006		-152.1		
33.496		-175.6		158.4		3.68		3.69		0.02		0.02		-0.006		-150.4		
33.594		-174.3		152.3		3.68		3.69		0.01		0.02		-0.002		-149.9		
33.691		-179.1		146.2		3.68		3.68		0.01		0.01		-0.011		-149.9		
33.789		-181.2		144.9		3.68		3.68		0.01		0.01		-0.011		-149.9		
33.887		-181.2		140.9		3.69		3.68		0.02		0.02		-0.011		-148.2		
33.984		-184.3		135.2		3.69		3.68		0.01		0.01		-0.015		-148.2		
34.082		-188.6		131.7		3.68		3.69		0.01		0.02		-0.004		-147.3		
34.180		-186.9		127.8		3.68		3.68		0.01		0.02		-0.017		-148.6		
34.277		-189.5		119.9		3.69		3.69		0.02		0.01		-0.004		-149.1		
34.375		-189.5		120.8		3.68		3.69		0.02		0.02		-0.006		-148.2		
34.473		-193.8		116.0		3.69		3.69		0.01		0.02		-0.002		-147.3		
34.570		-195.1		113.3		3.69		3.69		0.02		0.02		-0.008		-150.4		
34.668		-195.1		110.7		3.68		3.69		0.01		0.01		-0.006		-149.9		
34.766		-193.4		106.3		3.69		3.69		0.01		0.02		0.000		-149.1		
34.863		-194.3		102.0		3.68		3.69		0.02		0.02		0.000		-150.8		
34.961		-196.4		97.6		3.68		3.69		0.02		0.02		-0.004		-146.9		
35.059		-199.9		94.1		3.68		3.67		0.01		0.02		-0.011		-148.6		
35.156		-196.0		90.6		3.69		3.69		0.02		0.02		-0.002		-149.5		
35.254		-197.3		85.3		3.69		3.69		0.02		0.02		0.004		-151.7		
35.352		-198.2		80.1		3.69		3.69		0.02		0.02		-0.002		-151.2		
35.449		-198.2		79.2		3.69		3.67		0.02		0.02		-0.019		-147.8		
35.547		-195.1		74.0		3.68		3.69		0.01		0.02		0.000		-148.2		
35.645		-196.4		67.4		3.69		3.68		0.02		0.02		-0.011		-147.3		
35.742		-191.2		65.2		3.69		3.69		0.02		0.02		-0.004		-150.4		
35.840		-191.7		58.2		0.02		3.69		3.68		0.02		0.000		-133.0		
35.938		-192.5		51.2		0.02		3.69		3.68		0.01		0.008		-140.8		
36.035		-183.8		40.7		0.02		3.69		3.68		0.01		0.032		-147.8		
36.133		-183.4		35.9		0.02		3.69		3.68		0.02		0.017		-147.3		
36.230		-179.5		29.3		0.02		3.69		3.68		0.02		0.030		-152.5		
36.328		-180.4		19.7		0.02		3.69		3.68		0.02		0.002		-157.3		
36.426		-177.3		15.3		0.02		3.69		3.68		0.02		-0.004		-158.6		
36.523		-170.8		4.4		0.02		3.69		3.68		0.01		-0.008		-148.6		
36.621		-168.7		-3.9		0.02		3.69		3.68		0.01		0.008		-150.8		
36.719		-163.5		-10.9		0.02		3.69		3.68		0.02		-0.006		-148.6		
36.816		-159.1		-18.8		0.02		3.67		3.68		0.01		-0.011		-150.8		
36.914		-155.2		-24.5		0.02		3.69		3.68		0.01		0.000		-149.1		
37.012		-149.2		-34.6		0.02		3.70		3.68		0.01		-0.013		-149.9		
37.109		-147.9		-39.4		0.02		3.69		3.68		0.01		0.006		-146.5		
37.207		-141.4		-44.6		0.02		3.67		3.68		0.01		-0.021		-149.1		
37.305		-137.5		-51.2		0.02		3.69		3.68		0.01		0.004		-148.6		
37.402		-130.5		-54.3		0.02		3.69		3.68		0.01		-0.006		-147.3		
37.500		-129.2		-59.1		0.02		3.69		3.68		0.01		-0.008		-147.8		
37.598		-125.3		-64.8		0.02		3.69		3.68		0.01		-0.006		-149.5		
37.695		-120.1		-68.3		0.02		3.68		3.68		0.01		-0.004		-148.2		
37.793		-119.7		-73.5		0.02		3.67		3.68		0.01		-0.015		-147.8		
37.891		-115.3		-82.3		0.02		3.69		3.68		0.02		-0.006		-149.5		
37.988		-111.0		-85.8		0.02		3.69		3.68		0.01		-0.002		-149.1		
38.086		-106.7		-89.7		0.02		3.69		3.68		0.01		-0.004		-149.1		
38.184		-103.6		-96.7		0.02		3.69		3.68		0.01		-0.002		-149.5		
38.281		-99.7		-98.0		0.02		3.69		3.68		0.02		-0.008		-149.5		
38.379		-97.6		-103.7		0.02		3.69		3.68		0.02		0.008		-150.8		
38.477		-91.9		-108.5		0.02		3.69		3.68		0.01		0.000		-147.8		
38.574		-90.2		-108.5		0.02		3.69		3.68		0.01		-0.004		-149.5		
38.672		-82.8		-116.4		0.02		3.68		3.68		0.02		-0.015		-148.6		
38.770		-81.1		-119.5		0.02		3.69		3.68		0.02		-0.006		-149.1		
38.867		-76.3		-121.7		0.02		3.69		3.68		0.02		-0.006		-150.8		
38.965		-72.4		-125.6		0.02		3.69		3.68		0.02		0.002		-148.6		
39.063		-66.3		-129.5		0.02		3.69		3.68		0.02		-0.006		-150.4		
39.160		-59.8		-137.9		0.01		0.03		3.68		3.68		0.000		-139.1		
39.258		-50.7		-136.5		0.01		0.03		3.68		3.68		0.017		-140.8		
39.355		-45.5		-142.7		0.01		0.02		3.68		3.68		0.027		-147.3		
39.453		-35.1		-149.7		0.01		0.03		3.68		3.68		0.023		-148.2		
39.551		-31.7		-149.7		0.01		0.02		3.68		3.69		0.013		-151.2		
39.648		-23.0		-158.4		0.02		0.03		3.68		3.69		0.013		-159.0		
39.746		-15.2		-158.9		0.02		0.03		3.68		3.68		-0.008		-158.2		
39.844		-7.4		-163.2		0.02		0.03		3.68		3.68		-0.006		-149.9		
39.941		0.9		-168.5		0.01		0.02		3.68		3.68		-0.004		-148.6		
40.039		8.2		-168.5		0.02		0.03		3.68		3.68		0.013		-148.6		
40.137		16.9		-174.6		0.02		0.02		3.68		3.68		-0.002		-148.2		
40.234		17.8		-177.7		0.01		0.02		3.68		3.68		0.008		-149.9		
40.332		28.6		-174.6		0.01		0.03		3.68		3.68		0.000		-149.9		
40.430		35.6		-180.7		0.01		0.02		3.68		3.68		0.002		-150.4		
40.527		41.2		-180.3		0.02		0.02		3.68		3.68		0.006		-147.3		
40.625		46.0		-182.9		0.01		0.01		3.68		3.68		-0.011		-149.1		
40.723		52.9		-185.1		0.02		0.01		3.68		3.68		-0.013		-150.4		
40.820		56.4		-186.9		0.01		0.02		3.68		3.68		0.008		-149.9		
40.918		61.1		-187.7		0.02		0.03		3.68		3.68		-0.006		-149.5		
41.016		68.1		-189.9		0.02		0.03		3.68		3.68		-0.004		-148.6		
41.113		71.1		-191.2		0.01		0.02		3.68		3.68		-0.008		-148.6		
41.211		77.6		-191.7		0.01		0.02		3.68		3.68		0.004		-151.2		
41.309		84.6		-194.3		0.01		0.01		3.68		3.68		-0.015		-149.5		
41.406		86.3		-196.5		0.01		0.02		3.68		3.68		0.008		-149.1		
41.504		91.9		-193.0		0.02		0.03		3.68		3.68		-0.008		-150.4		
41.602		95.0		-194.7		0.02		0.03		3.68		3.68		0.002		-149.9		
41.699		101.0		-195.6		0.01		0.02		3.68		3.68		-0.004		-148.6		
41.797		104.5		-196.5		0.02		0.02		3.68		3.68		0.004		-150.4		
41.895		109.7		-197.4		0.02		0.03		3.68		3.69		0.000		-150.4		
41.992		109.7		-197.8		0.01		0.02		3.68		3.68		0.008		-148.6		
42.090		117.1		-193.4		0.02		0.03		3.68		3.68		0.004		-149.1		
42.188		120.1		-197.4		0.02		0.02		3.68		3.68		0.000		-149.5		
42.285		122.7		-196.9		0.01		0.03		3.68		3.68		0.002		-151.7		
42.383		127.0		-195.6		0.01		0.03		3.68		3.68		0.017		-148.6		
42.480		132.2		-191.7		0.02		0.02		0.02		3.68		0.015		-133.0		
42.578		140.9		-190.8		0.01		0.02		0.02		3.68		0.011		-139.5		
42.676		140.1		-186.9		0.01		0.02		0.02		3.68		0.021		-145.2		
42.773		147.0		-184.2		0.02		0.02		0.01		3.68		0.015		-146.0		
42.871		152.2		-180.7		0.01		0.03		0.02		3.69		0.006		-154.3		
42.969		150.9		-179.9		0.02		0.02		0.02		3.69		0.019		-157.7		
43.066		161.3		-172.0		0.02		0.02		0.02		3.68		-0.006		-158.6		
43.164		166.9		-170.7		0.01		0.01		0.02		3.68		-0.013		-148.2		
43.262		167.4		-163.2		0.01		0.01		0.02		3.68		-0.013		-149.5		
43.359		168.2		-159.7		0.02		0.02		0.02		3.68		-0.002		-148.6		
43.457		173.0		-158.4		0.01		0.02		0.02		3.68		-0.006		-151.2		
43.555		175.2		-153.6		0.01		0.02		0.02		3.68		-0.008		-149.5		
43.652		179.9		-148.8		0.02		0.02		0.02		3.68		0.006		-149.1		
43.750		183.8		-146.6		0.01		0.02		0.02		3.68		0.011		-150.8		
43.848		184.3		-140.9		0.02		0.02		0.02		3.68		-0.004		-149.1		
43.945		183.8		-133.9		0.01		0.01		0.01		3.68		-0.011		-151.2		
44.043		186.4		-131.7		0.01		0.03		0.02		3.69		0.000		-146.0		
44.141		190.8		-132.2		0.01		0.02		0.02		3.68		-0.002		-150.8		
44.238		188.6		-125.2		0.01		0.02		0.02		3.68		0.002		-148.6		
44.336		189.9		-120.8		0.01		0.03		0.02		3.68		0.000		-147.3		
44.434		190.4		-122.5		0.02		0.02		0.02		3.69		-0.006		-149.9		
44.531		192.1		-112.0		0.02		0.03		0.02		3.69		0.002		-149.5		
44.629		196.4		-110.7		0.01		0.03		0.02		3.69		0.002		-149.1		
44.727		194.3		-105.9		0.01		0.03		0.02		3.69		0.000		-149.5		
44.824		197.3		-99.3		0.01		0.03		0.02		3.68		0.002		-149.9		
44.922		194.7		-98.9		0.01		0.02		0.02		3.68		0.002		-150.4		
45.020		197.7		-95.0		0.01		0.01		0.02		3.68		-0.013		-149.5		
45.117		197.3		-91.0		0.02		0.02		0.02		3.68		0.011		-149.9		
45.215		195.6		-86.2		0.01		0.03		0.02		3.68		-0.006		-149.1		
45.313		200.3		-84.0		0.01		0.03		0.02		3.68		-0.006		-150.4		
45.410		196.4		-79.2		0.02		0.03		0.02		3.68		-0.006		-148.2		
45.508		193.0		-74.4		0.02		0.03		0.02		3.68		0.002		-150.4		
45.605		192.5		-73.5		0.02		0.02		0.02		3.69		0.002		-147.8		
45.703		196.9		-70.0		0.02		0.03		0.02		3.68		-0.006		-149.5		
45.801		192.1		-58.6		0.02		0.03		0.02		1.56		0.002		-149.1		
45.898		189.5		-51.6		0.02		0.03		0.02		0.02		-0.004		-141.3		
45.996		188.6		-46.0		0.02		0.03		0.02		0.02		0.034		-145.6		
46.094		189.1		-38.9		0.02		0.03		0.02		0.02		0.019		-148.2		
46.191		183.0		-30.2		0.02		0.03		0.02		0.02		0.017		-154.3		
46.289		179.5		-25.8		0.02		0.03		0.02		0.02		0.000		-156.4		
46.387		173.4		-18.4		0.02		0.01		0.02		0.02		-0.017		-158.2		
46.484		172.6		-9.6		0.02		0.03		0.02		0.02		0.002		-149.9		
46.582		169.5		-1.8		0.02		0.03		0.02		0.02		-0.008		-147.8		
46.680		161.3		5.7		0.02		0.03		0.02		0.02		-0.004		-148.2		
46.777		159.6		14.4		0.02		0.01		0.02		0.02		-0.015		-153.0		
46.875		156.1		21.4		0.02		0.03		0.02		0.02		0.008		-149.1		
46.973		150.9		28.4		0.02		0.03		0.02		0.02		-0.002		-150.8		
47.070		147.9		34.1		0.02		0.03		0.02		0.02		-0.006		-149.5		
47.168		144.0		42.0		0.02		0.03		0.02		0.02		-0.004		-150.8		
47.266		138.8		43.3		0.02		0.03		0.02		0.02		-0.004		-151.7		
47.363		134.0		52.5		0.02		0.03		0.02		0.02		0.002		-148.6		
47.461		134.0		59.1		0.03		0.03		0.02		0.02		0.000		-151.2		
47.559		129.2		60.8		0.02		0.01		0.02		0.02		-0.013		-147.8		
47.656		123.1		67.0		0.02		0.02		0.02		0.02		-0.021		-147.3		
47.754		117.5		72.6		0.03		0.03		0.02		0.02		0.002		-149.9		
47.852		115.8		75.7		0.02		0.02		0.02		0.02		-0.013		-148.6		
47.949		110.1		80.5		0.02		0.03		0.02		0.02		0.013		-149.1		
48.047		108.4		87.5		0.02		0.03		0.02		0.02		-0.006		-149.5		
48.145		106.7		90.2		0.02		0.01		0.02		0.02		-0.013		-147.3		
48.242		101.0		97.6		0.02		0.03		0.02		0.02		0.011		-146.9		
48.340		94.1		102.4		0.02		0.01		0.02		0.02		-0.015		-149.1		
48.438		95.4		103.7		0.02		0.01		0.02		0.02		-0.019		-149.5		
48.535		92.4		113.3		0.02		0.03		0.02		0.02		0.000		-149.5		
48.633		87.6		111.2		0.02		0.03		0.02		0.02		0.006		-151.2		
48.730		84.6		118.2		0.02		0.03		0.02		0.02		-0.002		-147.3		
48.828		78.0		118.6		0.02		0.01		0.02		0.02		-0.017		-148.2		
48.926		74.6		122.5		0.02		0.03		0.02		0.02		0.000		-149.1		
49.023		69.8		125.2		0.02		0.02		0.02		0.02		-0.002		-152.1		
49.121		62.4		130.0		0.02		0.02		0.02		0.02		-0.006		-148.6		
49.219		57.7		133.5		3.68		0.02		0.01		0.02		0.011		-138.2		
49.316		49.4		137.0		3.68		0.02		0.01		0.02		0.017		-143.0		
49.414		40.8		142.7		3.68		0.02		0.01		0.02		0.021		-147.3		
49.512		31.7		150.1		3.68		0.02		0.01		0.02		0.027		-151.7		
49.609		25.6		155.4		3.68		0.03		0.01		0.02		0.011		-154.7		
49.707		19.9		158.9		3.68		0.02		0.02		0.02		0.004		-159.0		
49.805		11.3		163.7		3.68		0.03		0.01		0.02		-0.006		-153.8		
49.902		3.0		167.6		3.68		0.03		0.01		0.02		-0.004		-149.1		
